35 -53.3846 -44.9429 42.6154 190.443
35 3.76212 -19.2878 99.7621 164.788
35 17.3897 -11.2727 113.39 156.773
35 67.1106 113.009 163.111 32.4914
35 43.8916 79.6679 139.892 65.8321
35 45.8698 -13.6539 141.87 159.154
35 29.0931 3.69237 125.093 141.808
35 2.14889 -28.6394 98.1489 174.139
35 17.0435 79.3675 113.043 66.1325
35 -36.5776 -123.005 59.4224 268.505
35 -52.0109 -67.2169 43.9891 212.717
35 38.5408 8.94214 134.541 136.558
35 -12.986 7.21843 83.014 138.282
35 16.2721 79.3934 112.272 66.1066
35 -56.9663 -62.1737 39.0337 207.674
35 61.6537 33.82 157.654 111.68
35 67.4501 118.37 163.45 27.1296
35 -38.0056 -93.3946 57.9944 238.895
35 7.43268 -7.45876 103.433 152.959
35 -78.0671 -57.877 17.9329 203.377
35 7.42655 8.98207 103.427 136.518
35 34.0282 -27.2586 130.028 172.759
35 -20.5899 -3.78362 75.4101 149.284
35 1.16896 75.4626 97.169 70.0374
35 -51.6909 -53.8288 44.3091 199.329
35 13.9881 2.74609 109.988 142.754
35 -19.7326 -128.258 76.2674 273.758
35 27.6081 17.313 123.608 128.187
35 -15.7869 -9.26163 80.2131 154.762
35 28.6723 70.094 124.672 75.406
35 -3.6556 -2.43265 92.3444 147.933
35 -65.7956 -66.3822 30.2044 211.882
35 -22.0313 65.5022 73.9687 79.9978
35 15.0174 -22.9172 111.017 168.417
35 20.8311 1.44936 116.831 144.051
35 5.3098 -72.6545 101.31 218.154
35 -42.2946 -86.5137 53.7054 232.014
35 70.6837 14.2578 166.684 131.242
35 66.7484 28.0154 162.748 117.485
35 -64.4516 -64.8601 31.5484 210.36
35 0.307426 59.0797 96.3074 86.4203
35 7.58187 -128.47 103.582 273.97
35 50.3589 21.4892 146.359 124.011
35 8.83588 -2.16109 104.836 147.661
35 3.62085 -91.9523 99.6208 237.452
35 0.640862 57.9737 96.6409 87.5263
35 10.4826 64.9628 106.483 80.5372
35 2.83362 -7.10098 98.8336 152.601
35 -2.7067 1.7135 93.2933 143.786
35 5.47551 -114.728 101.476 260.228
35 32.6137 10.7547 128.614 134.745
35 18.9085 -53.4859 114.909 198.986
35 -16.5368 74.7821 79.4632 70.7179
35 67.2185 37.8935 163.219 107.606
35 -37.1977 1.12611 58.8023 144.374
35 -9.44824 -12.9755 86.5518 158.476
35 16.3631 -52.2258 112.363 197.726
35 36.6201 -20.2369 132.62 165.737
35 -31.8641 -11.1674 64.1359 156.667
35 -16.3764 76.2312 79.6236 69.2688
35 25.6203 -0.319199 121.62 145.819
35 19.2979 21.5111 115.298 123.989
35 -48.5557 111.022 47.4443 34.4775
35 -3.05113 66.4407 92.9489 79.0593
35 -39.4412 60.9016 56.5588 84.5984
35 -60.0589 -91.0578 35.9411 236.558
35 -62.3376 -33.4404 33.6624 178.94
35 -23.9289 -17.192 72.0711 162.692
35 -9.34287 -20.3548 86.6571 165.855
35 36.7239 -133.72 132.724 279.22
35 6.83163 83.5332 102.832 61.9668
35 -69.5816 -92.8901 26.4184 238.39
35 -3.69421 11.7311 92.3058 133.769
35 41.5675 15.7039 137.567 129.796
35 -22.5946 -57.5161 73.4054 203.016
35 38.961 25.2095 134.961 120.29
35 -63.9059 18.0631 32.0941 127.437
35 26.198 55.9409 122.198 89.5591
35 -24.3511 7.70842 71.6489 137.792
35 78.1471 24.1069 174.147 121.393
35 -20.8276 9.77158 75.1724 135.728
35 31.8588 26.4331 127.859 119.067
35 30.1724 26.1495 126.172 119.351
35 -28.2167 -32.4361 67.7833 177.936
35 -1.84748 -102.132 94.1525 247.632
35 -50.6177 -120.414 45.3823 265.914
35 12.8471 -76.3185 108.847 221.818
35 -0.817398 -101.553 95.1826 247.053
35 -12.1504 -57.2191 83.8496 202.719
35 -67.917 -72.329 28.083 217.829
35 -11.3986 -18.6264 84.6014 164.126
35 -70.9751 -8.80174 25.0249 154.302
35 -71.6433 -11.0535 24.3567 156.553
35 -21.6577 3.31998 74.3423 142.18
35 44.6708 -20.5936 140.671 166.094
35 73.4943 107.251 169.494 38.2488
35 -67.8764 17.5438 28.1236 127.956
35 -53.4729 22.4816 42.5271 123.018
35 -38.0642 19.6624 57.9358 125.838
35 49.5157 -22.6554 145.516 168.155
35 31.9079 -33.2084 127.908 178.708
35 -19.291 59.9193 76.709 85.5807
35 41.7352 67.6282 137.735 77.8718
35 17.5392 15.2657 113.539 130.234
35 64.2644 58.5732 160.264 86.9268
35 -66.7998 35.5149 29.2002 109.985
35 -49.104 74.2498 46.896 71.2502
35 -29.4613 -121.745 66.5387 267.245
35 29.3747 -9.32617 125.375 154.826
35 73.7905 130.245 169.791 15.2551
35 15.495 -82.7968 111.495 228.297
35 29.3966 -32.5945 125.397 178.095
35 -13.7646 1.8568 82.2354 143.643
35 -55.9151 126.392 40.0849 19.1079
35 55.6821 -122.665 151.682 268.165
35 -66.5583 126.395 29.4417 19.1052
35 66.2786 57.7799 162.279 87.7201
35 37.0376 -15.9271 133.038 161.427
35 -20.0836 -37.0274 75.9164 182.527
35 23.8283 10.564 119.828 134.936
35 -58.46 -72.411 37.54 217.911
35 31.229 -16.624 127.229 162.124
35 70.9355 120.451 166.935 25.0487
35 46.5676 118.721 142.568 26.779
35 16.1375 5.55959 112.137 139.94
35 55.9976 123.639 151.998 21.8615
35 28.108 -18.8639 124.108 164.364
35 -57.5912 13.1063 38.4088 132.394
35 47.2401 115.671 143.24 29.8293
35 -10.7502 -74.5641 85.2498 220.064
35 21.4895 11.2432 117.489 134.257
35 44.1324 -102.648 140.132 248.148
35 69.4599 91.4879 165.46 54.0121
35 56.0311 110.369 152.031 35.1315
35 -14.4404 19.329 81.5596 126.171
35 2.48392 3.34268 98.4839 142.157
35 70.8951 87.7748 166.895 57.7252
35 -60.8193 131.443 35.1807 14.0573
35 -72.0083 -40.6097 23.9917 186.11
35 22.6925 27.9774 118.692 117.523
35 -43.7827 -69.8975 52.2173 215.397
35 35.1622 27.8164 131.162 117.684
35 -81.8296 -49.2339 14.1704 194.734
35 46.4561 -101.663 142.456 247.163
35 -44.5931 126.595 51.4069 18.9051
35 -76.565 126.585 19.435 18.9155
35 66.3875 132.448 162.387 13.0525
35 -56.0043 -73.4837 39.9957 218.984
35 -0.578217 -45.3698 95.4218 190.87
35 8.54394 -120.072 104.544 265.572
35 -34.7392 16.3895 61.2608 129.11
35 -23.0117 28.4135 72.9883 117.087
35 47.1797 -3.74226 143.18 149.242
35 -55.3212 -118.05 40.6788 263.55
35 -49.7894 47.1194 46.2106 98.3806
35 44.8763 99.86 140.876 45.64
35 -27.3955 -69.5853 68.6045 215.085
35 0.403542 -45.0568 96.4035 190.557
35 -58.9456 -85.3041 37.0544 230.804
35 -60.7968 -42.8503 35.2032 188.35
35 -39.6796 76.5992 56.3204 68.9008
35 -76.9091 30.0369 19.0909 115.463
35 -8.97036 76.3961 87.0296 69.1039
35 59.8169 107.897 155.817 37.6028
35 -78.1312 -6.95866 17.8688 152.459
35 -27.163 -114.078 68.837 259.578
35 -76.4929 61.0119 19.5071 84.4881
35 66.1256 130.724 162.126 14.7758
35 -41.4964 -99.5896 54.5036 245.09
35 -75.31 51.2101 20.69 94.2899
35 -5.79463 46.5049 90.2054 98.9951
35 9.12132 39.7757 105.121 105.724
35 -11.1569 -72.9048 84.8431 218.405
35 -82.1197 13.6622 13.8803 131.838
35 46.7785 -123.054 142.778 268.554
35 62.9558 89.0532 158.956 56.4468
35 -50.8759 -68.1617 45.1241 213.662
35 -11.6024 10.5164 84.3976 134.984
35 -57.8204 19.6361 38.1796 125.864
35 -34.6092 -55.511 61.3908 201.011
35 46.0845 113.509 142.085 31.9911
35 -59.8114 -12.411 36.1886 157.911
35 -48.3315 -67.7801 47.6685 213.28
35 -58.1839 -83.8035 37.8161 229.303
35 -52.213 -95.0423 43.787 240.542
35 52.1557 53.8487 148.156 91.6513
35 -29.7862 -91.3368 66.2138 236.837
35 -50.1298 -87.1741 45.8702 232.674
35 22.1594 71.4194 118.159 74.0806
35 63.39 -129.424 159.39 274.924
35 -85.0101 -8.53992 10.9899 154.04
35 13.3161 33.6734 109.316 111.827
35 -62.0298 -105.965 33.9702 251.465
35 -72.0888 -117.595 23.9112 263.095
35 -21.8581 -49.7164 74.1419 195.216
35 -43.9403 -70.6804 52.0597 216.18
35 -75.6561 -46.2545 20.3439 191.754
35 59.8751 49.8112 155.875 95.6888
35 -62.2831 -11.2747 33.7169 156.775
35 7.55113 26.0919 103.551 119.408
35 -7.44189 130.925 88.5581 14.5749
35 39.1696 -62.9612 135.17 208.461
35 45.2728 59.4521 141.273 86.0479
35 -15.3205 43.2843 80.6795 102.216
35 -17.0708 41.828 78.9292 103.672
35 28.3374 91.6526 124.337 53.8474
35 -41.9489 -44.8893 54.0511 190.389
35 14.147 -133.281 110.147 278.781
35 -45.1126 133.686 50.8874 11.8142
35 48.8862 -64.5033 144.886 210.003
35 -69.2204 -129.878 26.7796 275.378
35 27.8217 38.5096 123.822 106.99
35 76.4414 110.502 172.441 34.9983
35 3.79382 0.0558929 99.7938 145.444
35 -44.5706 -94.8156 51.4294 240.316
35 -18.7245 -68.7215 77.2755 214.221
35 10.9631 35.7754 106.963 109.725
35 42.7632 41.5012 138.763 103.999
35 25.7443 -81.2757 121.744 226.776
35 25.8253 85.587 121.825 59.913
35 46.1658 61.1557 142.166 84.3443
35 -78.6434 -22.8466 17.3566 168.347
35 -51.4535 -36.3957 44.5465 181.896
35 -30.277 -94.2894 65.723 239.789
35 67.0269 103.545 163.027 41.9546
35 -4.92676 -61.1357 91.0732 206.636
35 20.7063 -5.25691 116.706 150.757
35 -81.7929 28.0936 14.2071 117.406
35 1.88544 38.3731 97.8854 107.127
35 4.23318 42.0627 100.233 103.437
35 -3.08464 130.922 92.9154 14.5779
35 -65.2551 -25.769 30.7449 171.269
35 46.52 -126.111 142.52 271.611
35 28.2746 125.368 124.275 20.1318
35 82.3047 16.5968 178.305 128.903
35 69.537 18.5359 165.537 126.964
35 -34.3361 -69.638 61.6639 215.138
35 79.8868 -130.844 175.887 276.344
35 -38.8525 -37.6107 57.1475 183.111
35 32.8769 119.732 128.877 25.7685
35 -38.7337 -102.252 57.2663 247.752
35 -45.8797 -61.1941 50.1203 206.694
35 -25.3271 44.9271 70.6729 100.573
35 53.8033 -17.8121 149.803 163.312
35 32.3564 -38.3983 128.356 183.898
35 14.2345 -91.2018 110.234 236.702
35 40.6616 -8.76007 136.662 154.26
35 -33.6489 -43.2228 62.3511 188.723
35 -24.7773 52.1733 71.2227 93.3267
35 12.8656 50.8596 108.866 94.6404
35 -51.9158 -81.7227 44.0842 227.223
35 -12.7875 -92.7578 83.2125 238.258
35 19.073 -66.9115 115.073 212.412
35 -41.281 -112.15 54.719 257.65
35 35.1536 -65.9489 131.154 211.449
35 17.3318 -90.895 113.332 236.395
35 53.0734 67.9521 149.073 77.5479
35 -59.429 120.78 36.571 24.7203
35 33.7964 -52.533 129.796 198.033
35 25.5434 33.3397 121.543 112.16
35 34.3062 -1.70226 130.306 147.202
35 -57.6693 -86.0548 38.3307 231.555
35 52.9341 89.4571 148.934 56.0429
35 -3.00188 -11.5848 92.9981 157.085
35 57.1322 2.28009 153.132 143.22
35 -34.1862 -67.526 61.8138 213.026
35 9.8605 31.9296 105.861 113.57
35 52.068 -17.1951 148.068 162.695
35 46.7164 45.1878 142.716 100.312
35 34.4118 -54.6526 130.412 200.153
35 39.293 53.5593 135.293 91.9407
35 -49.6551 103.603 46.3449 41.897
35 21.0701 112.488 117.07 33.0115
35 -18.7274 83.8256 77.2726 61.6744
35 -72.3837 -50.491 23.6163 195.991
35 -13.7487 -39.8722 82.2513 185.372
35 -37.2148 112.939 58.7852 32.5607
35 -32.0345 -36.5683 63.9655 182.068
35 -4.40302 31.9539 91.597 113.546
35 40.7264 -114.574 136.726 260.074
35 10.7187 -44.7184 106.719 190.218
35 18.583 125.568 114.583 19.9317
35 45.1698 -113.457 141.17 258.957
35 33.0589 116.556 129.059 28.9437
35 -51.5156 51.0245 44.4844 94.4755
35 -13.3794 -85.9553 82.6206 231.455
35 -43.0508 -112.405 52.9492 257.905
35 -68.6439 6.42912 27.3561 139.071
35 8.15176 -79.0457 104.152 224.546
35 -62.9642 -100.211 33.0358 245.711
35 -49.9104 7.28494 46.0896 138.215
35 -72.3159 116.303 23.6841 29.1973
35 28.956 73.6704 124.956 71.8296
35 41.8796 58.5531 137.88 86.9469
35 2.32367 126.495 98.3237 19.0054
35 34.0655 -41.2104 130.066 186.71
35 16.4422 8.14146 112.442 137.359
35 -47.961 120.495 48.039 25.005
35 21.2159 37.0772 117.216 108.423
35 -27.2179 -45.9147 68.7821 191.415
35 -65.8614 -51.553 30.1386 197.053
35 -82.1938 -38.2198 13.8062 183.72
35 -34.6816 6.59341 61.3184 138.907
35 -75.7919 11.524 20.2081 133.976
35 -44.7664 -20.2859 51.2336 165.786
35 -43.9825 -21.6145 52.0175 167.114
35 66.0087 103.256 162.009 42.244
35 -42.0873 -24.2694 53.9127 169.769
35 32.2103 68.0221 128.21 77.4779
35 -1.90269 39.2188 94.0973 106.281
35 -21.0715 -27.3006 74.9285 172.801
35 84.8179 122.312 180.818 23.1885
35 32.0261 126.542 128.026 18.9577
35 -66.0201 -112.654 29.9799 258.154
35 -51.5879 -108.879 44.4121 254.379
35 81.1941 34.1606 177.194 111.339
35 -25.1798 43.183 70.8202 102.317
35 18.0457 93.729 114.046 51.771
35 -40.7523 -25.5356 55.2477 171.036
35 65.5623 66.4813 161.562 79.0187
35 -76.8619 12.9304 19.1381 132.57
35 -66.4071 -110.444 29.5929 255.944
35 42.092 -89.5522 138.092 235.052
35 -36.0065 -110.122 59.9935 255.622
35 -80.6016 -83.6708 15.3984 229.171
35 -6.9747 -112.714 89.0253 258.214
35 -13.0517 125.944 82.9483 19.5561
35 52.0488 -115.055 148.049 260.555
35 -68.9672 120.457 27.0328 25.043
35 -74.4689 39.587 21.5311 105.913
35 16.8015 95.8573 112.802 49.6427
35 -27.0479 -96.6772 68.9521 242.177
35 35.0182 -122.183 131.018 267.683
35 -20.3218 -18.1246 75.6782 163.625
35 15.8205 -69.708 111.821 215.208
35 -53.9126 -128.337 42.0874 273.837
35 22.0905 48.3663 118.09 97.1337
35 62.0435 43.2896 158.043 102.21
35 39.8766 -1.95113 135.877 147.451
35 -16.2209 -119.239 79.7791 264.739
35 23.9547 -53.4621 119.955 198.962
35 31.7112 -73.9434 127.711 219.443
35 59.5971 -113.707 155.597 259.207
35 -40.9409 113.697 55.0591 31.8034
35 23.2264 -92.5054 119.226 238.005
35 51.5614 3.07812 147.561 142.422
35 -38.4417 32.2749 57.5583 113.225
35 -21.1866 -16.3865 74.8134 161.887
35 37.8095 90.5202 133.809 54.9798
35 37.8643 121.989 133.864 23.5109
35 11.1249 -13.1423 107.125 158.642
35 -46.9987 -102.889 49.0013 248.389
35 -11.9063 25.5505 84.0937 119.95
35 -50.9916 -9.87399 45.0084 155.374
35 63.2101 17.2187 159.21 128.281
35 -81.1695 -113.425 14.8305 258.925
35 -47.273 -111.089 48.727 256.589
35 -61.7739 49.0011 34.2261 96.4989
35 -58.5529 -131.054 37.4471 276.554
35 63.1832 -102.195 159.183 247.695
35 -53.2274 -6.0061 42.7726 151.506
35 -61.7724 104.45 34.2276 41.0502
35 -73.7442 -129.625 22.2558 275.125
35 -32.5916 37.1551 63.4084 108.345
35 -81.9135 106.192 14.0865 39.3081
35 -71.0607 62.3709 24.9393 83.1291
35 -56.9513 -23.7305 39.0487 169.23
35 -72.5394 59.6273 23.4606 85.8727
35 14.5491 -67.0661 110.549 212.566
35 44.7424 93.7895 140.742 51.7105
35 11.5962 122.535 107.596 22.9652
35 42.2216 24.9611 138.222 120.539
35 -53.5853 -4.75883 42.4147 150.259
35 59.6894 -9.80919 155.689 155.309
35 49.1342 -39.0969 145.134 184.597
-20.2077 96 113.314 55.2077 32.1861
13.826 96 3.25156 21.174 142.248
-15.3958 96 -104.836 50.3958 250.336
16.0817 96 53.118 18.9183 92.382
16.3105 96 131.387 18.6895 14.1126
19.9181 96 -54.9364 15.0819 200.436
24.0983 96 -34.4669 10.9017 179.967
15.286 96 16.7626 19.714 128.737
23.5729 96 43.6157 11.4271 101.884
0.811592 96 42.8198 34.1884 102.68
6.11145 96 17.6831 28.8885 127.817
14.4972 96 13.7833 20.5028 131.717
6.13671 96 47.464 28.8633 98.036
16.1428 96 -54.5562 18.8572 200.056
5.91538 96 20.2977 29.0846 125.202
-0.126625 96 40.9105 35.1266 104.589
1.80637 96 56.7932 33.1936 88.7068
0.0357361 96 12.3861 34.9643 133.114
4.30757 96 3.1068 30.6924 142.393
-6.79113 96 -103.697 41.7911 249.197
14.971 96 63.4458 20.029 82.0542
19.6618 96 97.6472 15.3382 47.8528
15.0866 96 25.5578 19.9134 119.942
13.3595 96 -104.239 21.6405 249.739
5.96507 96 -111.581 29.0349 257.081
5.30534 96 -48.6777 29.6947 194.178
17.7081 96 -80.9168 17.2919 226.417
-5.02158 96 17.4651 40.0216 128.035
-3.54921 96 -111.756 38.5492 257.256
-13.7934 96 -69.7795 48.7934 215.279
20.4918 96 100.523 14.5082 44.9773
-11.0759 96 2.93187 46.0759 142.568
19.5607 96 -76.7796 15.4393 222.28
-1.91787 96 -55.6221 36.9179 201.122
-5.79399 96 37.9672 40.794 107.533
3.55736 96 24.7796 31.4426 120.72
-8.54871 96 -118.118 43.5487 263.618
15.8268 96 -92.3229 19.1732 237.823
-3.32155 96 -69.6513 38.3215 215.151
6.93422 96 36.6831 28.0658 108.817
-0.819397 96 26.219 35.8194 119.281
-19.2568 96 -74.9901 54.2568 220.49
13.5002 96 23.8392 21.4998 121.661
9.28621 96 -95.4354 25.7138 240.935
23.1737 96 -27.9977 11.8263 173.498
3.27306 96 -103.499 31.7269 248.999
-20.569 96 -27.7101 55.569 173.21
15.402 96 29.9794 19.598 115.521
21.1889 96 -21.697 13.8111 167.197
20.8097 96 -72.8963 14.1903 218.396
-4.37374 96 -98.4981 39.3737 243.998
-19.6255 96 13.5687 54.6255 131.931
-19.2111 96 -122.9 54.2111 268.4
-9.2374 96 118.584 44.2374 26.9157
-1.53925 96 -98.5762 36.5393 244.076
-5.77386 96 20.1762 40.7739 125.324
1.18421 96 -47.3222 33.8158 192.822
-3.85318 96 -60.8566 38.8532 206.357
-11.7347 96 -49.0607 46.7347 194.561
-0.302605 96 30.7649 35.3026 114.735
-10.7118 96 -110.431 45.7118 255.931
21.1628 96 -14.4155 13.8372 159.916
8.33343 96 -108.566 26.6666 254.066
-7.8299 96 -95.6646 42.8299 241.165
3.47878 96 30.1292 31.5212 115.371
-16.8199 96 35.6939 51.8199 109.806
4.33216 96 110.05 30.6678 35.4499
-5.04922 96 7.51472 40.0492 137.985
8.75013 96 90.4717 26.2499 55.0283
0.119148 96 120.539 34.8809 24.9614
-8.49295 96 81.3681 43.4929 64.1319
-14.3307 96 -66.9226 49.3307 212.423
-14.9859 96 -125.551 49.9859 271.051
0.37323 96 24.1577 34.6268 121.342
-3.27806 96 -93.1071 38.2781 238.607
11.4314 96 58.1704 23.5686 87.3296
-7.69766 96 -94.917 42.6977 240.417
-7.44417 96 79.5509 42.4442 65.9491
-7.45007 96 -49.3443 42.4501 194.844
-0.883064 96 -89.1533 35.8831 234.653
20.9639 96 -11.1351 14.0361 156.635
-8.64783 96 -49.5077 43.6478 195.008
1.08376 96 -37.3739 33.9162 182.874
-17.0786 96 26.012 52.0786 119.488
-3.7706 96 61.388 38.7706 84.112
-8.08792 96 -41.1012 43.0879 186.601
5.6311 96 34.0481 29.3689 111.452
0.758938 96 129.215 34.2411 16.2852
3.89203 96 -60.3984 31.108 205.898
-2.70646 96 100.473 37.7065 45.0273
-4.77232 96 29.6871 39.7723 115.813
-13.7982 96 -89.1932 48.7982 234.693
-18.0333 96 -27.1021 53.0333 172.602
-4.96581 96 102.731 39.9658 42.7689
9.16116 96 122.758 25.8388 22.7423
-10.8458 96 108.386 45.8458 37.1139
10.1138 96 -78.5314 24.8862 224.031
-3.60649 96 -77.9768 38.6065 223.477
-0.526875 96 69.2076 35.5269 76.2924
-5.19205 96 90.688 40.192 54.812
3.64398 96 -42.5277 31.356 188.028
11.6862 96 94.3153 23.3138 51.1847
-8.09076 96 -75.0007 43.0908 220.501
-3.36733 96 -41.0307 38.3673 186.531
-3.44579 96 -39.9454 38.4458 185.445
1.61266 96 82.7551 33.3873 62.7449
15.0064 96 -14.5301 19.9936 160.03
8.49602 96 87.7718 26.504 57.7282
1.68136 96 -97.92 33.3186 243.42
10.2267 96 -46.1484 24.7733 191.648
11.1025 96 -66.0762 23.8975 211.576
15.9426 96 -63.5701 19.0574 209.07
18.2633 96 125.498 16.7367 20.0025
11.8665 96 105.447 23.1335 40.0533
-14.4843 96 16.3464 49.4843 129.154
2.5248 96 -91.1759 32.4752 236.676
-5.55653 96 87.4652 40.5565 58.0348
-35 52.6076 -16.6479 43.3924 162.148
-35 -32.2081 -121.508 128.208 267.008
-35 -25.2918 -112.919 121.292 258.419
-35 -23.3207 -100.36 119.321 245.86
-35 -63.0267 -7.21759 159.027 152.718
-35 -38.8036 -110.335 134.804 255.835
-35 -78.99 -102.972 174.99 248.472
-35 -40.2121 -123.216 136.212 268.716
-35 -21.4865 -100.514 117.487 246.014
-35 -16.4268 -112.981 112.427 258.481
-35 -76.1302 62.6251 172.13 82.8749
-35 -80.9843 -89.9648 176.984 235.465
-35 -76.3184 -103.412 172.318 248.912
-35 -43.8663 44.7029 139.866 100.797
-35 -70.3437 -91.7495 166.344 237.249
-35 -48.0805 -95.9829 144.08 241.483
-35 -62.9971 35.2055 158.997 110.294
-35 47.6992 -74.1251 48.3008 219.625
-35 23.4844 68.57 72.5156 76.93
-35 31.3055 -78.4651 64.6945 223.965
-35 15.9156 68.5592 80.0844 76.9408
-35 72.9186 -92.7605 23.0814 238.261
-35 31.6116 -74.9894 64.3884 220.489
-35 29.4131 82.3475 66.5869 63.1525
-35 -50.9941 49.3646 146.994 96.1354
-35 -44.0523 -89.4973 140.052 234.997
-35 62.0589 -51.0031 33.9411 196.503
-35 26.5316 -87.7669 69.4684 233.267
-35 -69.9466 78.2982 165.947 67.2018
-35 -53.5799 61.8464 149.58 83.6536
-35 39.6932 -16.9784 56.3068 162.478
-35 -11.0384 -97.7434 107.038 243.243
-35 -64.954 -40.1466 160.954 185.647
-35 5.20995 64.6985 90.7901 80.8015
-35 -43.9047 -115.178 139.905 260.678
-35 61.9891 71.5058 34.0109 73.9942
-35 -47.9905 -108.668 143.99 254.168
-35 52.0997 25.6833 43.9003 119.817
-35 -42.8101 -103.113 138.81 248.613
-35 11.4024 -68.9387 84.5976 214.439
-35 -44.6864 -122.804 140.686 268.304
-35 -35.6553 -110.869 131.655 256.369
-35 11.2406 -71.5399 84.7594 217.04
-35 -47.2097 -36.0276 143.21 181.528
-35 -70.8779 -109.94 166.878 255.44
-35 20.3018 -34.2928 75.6982 179.793
-35 -34.9293 -85.1749 130.929 230.675
-35 -38.7327 50.9216 134.733 94.5784
-35 62.188 -19.6911 33.812 165.191
-35 30.8661 -9.7728 65.1339 155.273
-35 13.5782 33.2733 82.4218 112.227
-35 -38.1279 -35.8479 134.128 181.348
-35 -3.08521 -107.436 99.0852 252.936
-35 42.9034 -79.1265 53.0966 224.627
-35 -56.3947 -82.2766 152.395 227.777
-35 41.092 -80.2241 54.908 225.724
-35 70.5161 -26.6653 25.4839 172.165
-35 -54.9735 122.6 150.973 22.9
-35 31.9218 -10.9587 64.0782 156.459
-35 42.7687 14.9808 53.2313 130.519
-35 -60.437 -93.4854 156.437 238.985
-35 -65.2144 -119.069 161.214 264.569
-35 -54.799 -107.307 150.799 252.807
-35 -24.5088 -88.8901 120.509 234.39
-35 12.6367 -103.396 83.3633 248.896
-35 -0.244324 80.4065 96.2443 65.0935
-35 10.9029 -74.617 85.0971 220.117
-35 71.8658 -14.3177 24.1342 159.818
-35 -68.501 -91.1386 164.501 236.639
-35 -61.3887 -128.045 157.389 273.545
-35 -61.0984 -21.557 157.098 167.057
-35 53.6931 -77.3043 42.3069 222.804
-35 13.3821 82.6886 82.6179 62.8114
-35 -2.61886 84.4757 98.6189 61.0243
-35 1.05643 76.9857 94.9436 68.5143
-35 -64.2441 27.8646 160.244 117.635
-35 -67.3172 122.715 163.317 22.785
-35 -79.0357 -14.0198 175.036 159.52
-35 77.1821 -76.4305 18.8179 221.93
-35 13.311 79.1929 82.689 66.3071
-35 74.8246 -75.2948 21.1754 220.795
-35 -29.978 -111.39 125.978 256.89
-35 69.7256 -16.3801 26.2744 161.88
-35 45.8024 -22.6143 50.1976 168.114
-35 18.252 -53.9108 77.748 199.411
-35 -32.0051 82.0122 128.005 63.4878
-35 9.7408 -15.9088 86.2592 161.409
-35 -73.9866 -117.44 169.987 262.94
-35 -44.9964 -130.253 140.996 275.753
-35 -39.002 72.4948 135.002 73.0052
-35 -69.8724 59.9399 165.872 85.5601
-35 -80.9993 -30.1039 176.999 175.604
-35 73.584 -76.2294 22.416 221.729
-35 -69.2664 -117.455 165.266 262.955
-35 68.2777 -2.61824 27.7223 148.118
-35 -58.7251 -80.7035 154.725 226.204
-35 -71.9376 20.2144 167.938 125.286
-35 9.10796 73.7321 86.892 71.7679
-35 21.0467 -6.29807 74.9533 151.798
-35 8.30988 38.1367 87.6901 107.363
-35 -58.9113 18.2988 154.911 127.201
-35 -65.9448 -104.392 161.945 249.892
-35 -74.5697 -83.9876 170.57 229.488
-35 -48.6659 8.69884 144.666 136.801
-35 -30.5634 67.9111 126.563 77.5889
-35 20.7021 -8.49352 75.2979 153.994
-35 -32.1968 -111.726 128.197 257.226
-35 -83.1231 -8.40164 179.123 153.902
-35 66.2449 90.5391 29.7551 54.9609
-35 12.6253 56.9181 83.3747 88.5819
-35 -63.0407 130.814 159.041 14.6858
-35 62.9331 15.3965 33.0669 130.104
-35 -29.7806 -26.626 125.781 172.126
-35 -77.0375 -36.8204 173.038 182.32
-35 -83.9337 16.6939 179.934 128.806
-35 -74.3615 -77.6782 170.362 223.178
-35 -17.7523 -26.0768 113.752 171.577
-35 35.6687 -70.6589 60.3313 216.159
-35 24.9809 -28.5121 71.0191 174.012
-35 35.6263 77.9591 60.3737 67.5409
-35 -79.7953 71.323 175.795 74.177
-35 -11.7856 42.222 107.786 103.278
-35 75.9486 -31.8848 20.0514 177.385
-35 30.1958 57.4552 65.8042 88.0448
-35 -66.4913 -28.5526 162.491 174.053
-35 -48.8299 81.169 144.83 64.331
-35 11.2936 -94.1083 84.7064 239.608
-35 -12.826 -99.4832 108.826 244.983
-35 55.325 -84.9913 40.675 230.491
-35 28.5475 -61.8575 67.4525 207.357
-35 -52.1818 -107.991 148.182 253.491
-35 51.615 -57.1259 44.385 202.626
-35 -12.6997 67.1599 108.7 78.3401
-35 -16.7137 -42.4175 112.714 187.918
-35 50.0062 64.8108 45.9938 80.6892
-35 8.29855 -60.2827 87.7014 205.783
-35 -63.8093 128.866 159.809 16.6335
-35 21.9035 78.0408 74.0965 67.4592
-35 -61.2573 -106.943 157.257 252.443
-35 38.5061 -2.31697 57.4939 147.817
-35 -83.2387 -45.6938 179.239 191.194
-35 21.4783 -1.57443 74.5217 147.074
-35 -80.9265 -123.272 176.927 268.772
-35 35.1061 7.37009 60.8939 138.13
-35 -28.8139 -99.8996 124.814 245.4
-35 49.5979 16.3247 46.4021 129.175
-35 50.553 65.6789 45.447 79.8211
-35 -58.0786 -107.559 154.079 253.059
-35 23.4236 89.5678 72.5764 55.9322
-35 46.7309 -36.4745 49.2691 181.975
-35 55.2149 55.6149 40.7851 89.8851
-35 41.6585 67.7063 54.3415 77.7937
-35 31.0108 72.1927 64.9892 73.3073
-35 -60.6092 -119.343 156.609 264.843
-35 -35.42 78.9898 131.42 66.5102
-35 45.8701 -10.8922 50.1299 156.392
-35 -31.1687 15.6708 127.169 129.829
-35 48.1912 41.228 47.8088 104.272
-35 -29.2814 -104.899 125.281 250.399
-35 -82.0778 35.9811 178.078 109.519
-35 -46.3562 -12.1406 142.356 157.641
-35 44.4898 -4.99466 51.5102 150.495
-35 -12.9466 -37.7728 108.947 183.273
-35 72.8588 -84.5686 23.1412 230.069
-35 -48.2665 -43.224 144.267 188.724
-35 -33.8561 -21.1199 129.856 166.62
-35 -57.1935 9.10867 153.193 136.391
-35 39.5043 -54.2067 56.4957 199.707
-35 -58.0916 -56.0706 154.092 201.571
-35 18.9359 57.9278 77.0641 87.5722
-35 23.4617 -44.985 72.5383 190.485
-35 73.6539 94.5126 22.3461 50.9874
-35 -42.692 -6.06642 138.692 151.566
-35 -49.2582 127.044 145.258 18.4558
-35 -73.8981 25.0492 169.898 120.451
-35 34.8619 4.06583 61.1381 141.434
-35 -35.1832 -76.8562 131.183 222.356
-35 -26.0227 -5.21704 122.023 150.717
-35 -11.0907 -5.39641 107.091 150.896
-35 -1.909 -36.7384 97.909 182.238
-35 -33.35 -19.7001 129.35 165.2
-35 -71.9922 -31.1919 167.992 176.692
-35 -3.26916 69.0144 99.2692 76.4856
-35 -68.4286 -100.339 164.429 245.839
-35 55.0102 58.108 40.9898 87.392
-35 -48.2194 -11.7987 144.219 157.299
-35 -81.0401 82.7435 177.04 62.7565
-35 -41.0038 -19.5747 137.004 165.075
-35 -75.9163 32.1934 171.916 113.307
-35 4.92714 20.0078 91.0729 125.492
-35 -63.5982 0.964218 159.598 144.536
-35 -83.688 5.42632 179.688 140.074
-35 62.684 56.974 33.316 88.526
-35 74.2152 66.1263 21.7848 79.3737
-35 19.1485 -64.6074 76.8515 210.107
-35 38.2477 76.5117 57.7523 68.9883
-35 25.7201 -61.031 70.2799 206.531
-35 15.7064 -43.3561 80.2936 188.856
-35 -77.3663 134.077 173.366 11.4228
-35 -39.2612 -19.8369 135.261 165.337
-35 -19.645 -36.1703 115.645 181.67
-35 78.183 131.958 17.817 13.5424
-35 5.93898 -59.0544 90.061 204.554
-35 46.9356 44.9722 49.0644 100.528
-35 -61.2302 53.2233 157.23 92.2767
-35 21.5102 44.3545 74.4898 101.146
-35 73.4059 -104.559 22.5941 250.059
-35 -14.2034 -15.0286 110.203 160.529
-35 -76.9998 53.5021 173 91.9979
-35 73.1415 61.3635 22.8585 84.1365
-35 -63.7804 -92.3951 159.78 237.895
-35 -60.7599 21.803 156.76 123.697
-35 18.3794 1.11548 77.6206 144.385
-35 -44.8364 61.8743 140.836 83.6257
-35 78.237 -46.6996 17.763 192.2
-35 0.818764 42.3353 95.1812 103.165
-35 -0.555984 -35.8723 96.556 181.372
-35 -0.689095 -57.7455 96.6891 203.245
-35 32.0558 -24.3451 63.9442 169.845
-35 -10.4959 -4.02473 106.496 149.525
-35 67.4692 -118.68 28.5308 264.18
-35 24.1347 51.7901 71.8653 93.7099
-35 82.4881 73.905 13.5119 71.595
-35 77.0933 133.997 18.9067 11.5028
-35 -13.5177 -122.485 109.518 267.985
-35 -46.308 -17.5521 142.308 163.052
-35 5.16203 -63.3174 90.838 208.817
-35 -40.0187 -58.5003 136.019 204
-35 5.40247 -108.49 90.5975 253.99
-35 -0.382439 -49.18 96.3824 194.68
-35 85.3201 62.4657 10.6799 83.0343
-35 -8.72129 -23.0183 104.721 168.518
-35 52.0739 -47.8118 43.9261 193.312
-35 -50.9337 -82.6639 146.934 228.164
-35 0.946472 -13.5686 95.0535 159.069
-35 9.81184 -50.1127 86.1882 195.613
-35 21.1061 -65.8135 74.8939 211.313
-35 -61.3144 -115.211 157.314 260.711
-35 77.5858 -106.356 18.4142 251.856
-35 -16.7354 -14.6109 112.735 160.111
-35 2.35064 -57.6308 93.6494 203.131
-35 -64.9415 10.6781 160.941 134.822
-35 -8.62978 -16.8868 104.63 162.387
-35 -77.6573 -83.0934 173.657 228.593
-35 -17.9752 -62.7615 113.975 208.261
-35 -55.9576 -93.9247 151.958 239.425
-35 -1.26013 27.4029 97.2601 118.097
-35 81.3249 -66.4139 14.6751 211.914
-35 -1.86976 -12.3162 97.8698 157.816
-35 -83.522 -19.1917 179.522 164.692
-35 80.7966 -109.139 15.2034 254.639
-35 43.9529 7.38531 52.0471 138.115
-35 -50.2838 70.5414 146.284 74.9586
-35 -76.8493 -123.463 172.849 268.963
-35 57.6129 -3.92177 38.3871 149.422
-35 -40.042 -28.2341 136.042 173.734
-35 80.3983 -105.831 15.6017 251.331
-35 56.4904 9.3838 39.5096 136.116
-35 -9.21027 -15.9544 105.21 161.454
-35 -58.8597 84.4985 154.86 61.0015
-35 -5.1039 -22.9891 101.104 168.489
-35 -20.0711 86.3045 116.071 59.1955
-35 2.02953 7.60551 93.9705 137.894
-35 2.55412 -50.5426 93.4459 196.043
-35 -72.2076 -45.6119 168.208 191.112
-35 27.6434 -99.5665 68.3566 245.067
-35 52.8981 16.4863 43.1019 129.014
-35 -48.2443 -30.8035 144.244 176.303
-35 59.5787 26.8463 36.4213 118.654
-35 72.8382 113.537 23.1618 31.9633
-35 -76.2929 -111.807 172.293 257.307
-35 -78.7177 -2.79507 174.718 148.295
-35 -14.7253 -34.3482 110.725 179.848
-35 83.1188 -67.9081 12.8812 213.408
-35 58.9711 -122.672 37.0289 268.172
-35 -47.7988 -25.3012 143.799 170.801
-35 69.6719 -47.0043 26.3281 192.504
-35 -43.6287 75.1604 139.629 70.3396
-35 -55.6411 -46.1746 151.641 191.675
-35 85.4583 -36.2938 10.5417 181.794
-35 32.2712 -132.707 63.7288 278.207
-35 -60.9532 -123.027 156.953 268.527
-35 41.8124 100.81 54.1876 44.69
-35 26.6995 60.6875 69.3005 84.8125
-35 32.1266 -131.862 63.8734 277.362
-35 60.5012 -89.4828 35.4988 234.983
-35 54.3017 -40.3259 41.6983 185.826
-35 85.0637 51.5303 10.9363 93.9697
-35 28.1117 -95.8571 67.8883 241.357
-35 -16.0253 76.6989 112.025 68.8011
-35 7.10831 -41.1586 88.8917 186.659
-35 42.1367 75.189 53.8633 70.311
-35 52.1789 -36.6262 43.8211 182.126
-35 2.3895 -5.66492 93.6105 151.165
-35 -0.681557 21.6525 96.6816 123.847
-35 -69.8486 34.8063 165.849 110.694
-35 60.8093 -110.282 35.1907 255.782
-35 48.0114 -90.2796 47.9886 235.78
-35 59.2118 -120.072 36.7882 265.572
-35 -39.9473 -94.4362 135.947 239.936
-35 60.4206 -93.7224 35.5794 239.222
-35 37.6686 89.2452 58.3314 56.2548
-35 -75.3532 -52.3187 171.353 197.819
-35 -78.6927 -116.218 174.693 261.718
-35 -51.7436 -49.3641 147.744 194.864
-35 -44.8557 -57.2956 140.856 202.796
-35 -57.4114 -94.4455 153.411 239.946
-35 -49.8541 21.2364 145.854 124.264
-35 -56.3315 79.9797 152.332 65.5203
-35 -21.6758 -20.4245 117.676 165.924
-35 13.0003 -2.28822 82.9997 147.788
-35 58.3595 -111.436 37.6405 256.936
-35 64.2978 127.638 31.7022 17.8616
-35 -52.3744 -80.6941 148.374 226.194
-35 85.0049 -9.53384 10.9951 155.034
-35 -22.4815 67.6349 118.482 77.8651
-35 77.5295 -59.4909 18.4705 204.991
-35 16.0436 16.078 79.9564 129.422
-35 -41.1639 40.4837 137.164 105.016
-35 67.4838 42.8447 28.5162 102.655
-35 -53.6126 1.85902 149.613 143.641
-35 -48.0995 93.5348 144.1 51.9652
-35 71.3268 53.5022 24.6732 91.9978
-35 63.1087 5.33058 32.8913 140.169
-35 -80.3782 -62.2948 176.378 207.795
-35 23.8542 18.2804 72.1458 127.22
-35 0.959335 -114.873 95.0407 260.373
-35 63.8365 -28.9377 32.1635 174.438
-35 -40.3899 59.2242 136.39 86.2758
-35 -5.29416 96.8028 101.294 48.6972
-35 -50.4443 -74.4147 146.444 219.915
-35 73.5558 122.66 22.4442 22.8398
-35 31.3497 -28.7772 64.6503 174.277
-35 61.6768 4.73921 34.3232 140.761
-35 -6.72044 18.0518 102.72 127.448
-35 -27.6844 8.06192 123.684 137.438
-35 77.6078 55.258 18.3922 90.242
-35 59.7095 6.43092 36.2905 139.069
-35 76.8954 51.2247 19.1046 94.2753
-35 75.0015 103.65 20.9985 41.8502
-35 75.6191 106.346 20.3809 39.154
-35 -71.0118 -1.68559 167.012 147.186
-35 -38.3066 96.7638 134.307 48.7362
-35 -28.2265 -70.2803 124.226 215.78
-35 -47.0249 84.452 143.025 61.048
-35 27.4154 33.4689 68.5846 112.031
-35 -34.798 -48.8973 130.798 194.397
-35 56.282 43.0922 39.718 102.408
-35 -49.7906 96.4486 145.791 49.0514
-35 -31.8929 -69.8808 127.893 215.381
-35 -47.7673 95.5128 143.767 49.9872
-35 -24.7033 87.5513 120.703 57.9487
-35 78.9063 -126.514 17.0937 272.014
-35 -39.8264 -46.5113 135.826 192.011
-35 -56.549 -99.8486 152.549 245.349
-35 -31.8015 90.9906 127.802 54.5094
-35 -75.2453 -8.29265 171.245 153.793
-35 22.9494 13.5331 73.0506 131.967
-35 74.881 1.2626 21.119 144.237
-35 -56.0611 1.8786 152.061 143.621
-35 -35.2103 57.6954 131.21 87.8046
-35 -31.7048 89.791 127.705 55.709
-35 -42.6189 52.9029 138.619 92.5971
-35 82.9895 55.6794 13.0105 89.8206
-35 43.9936 24.1276 52.0064 121.372
-35 3.87424 27.1784 92.1258 118.322
-35 -47.8313 -67.3953 143.831 212.895
-35 -26.5835 97.3758 122.584 48.1242
-35 43.9529 -92.7686 52.0471 238.269
-35 -7.37094 -70.777 103.371 216.277
-35 15.7158 -120.433 80.2842 265.933
-35 81.8254 -89.4986 14.1746 234.999
-35 58.109 -106.821 37.891 252.321
-35 -41.1859 -68.4551 137.186 213.955
-35 -24.32 95.1421 120.32 50.3579
-35 -10.8736 -73.5703 106.874 219.07
-35 -3.56494 25.2856 99.5649 120.214
-35 58.2567 102.907 37.7433 42.5927
-35 33.3866 -42.6293 62.6134 188.129
-35 31.1314 -122.352 64.8686 267.852
-35 -19.0451 126.433 115.045 19.0666
-35 -69.958 89.0293 165.958 56.4707
-35 -22.8389 38.7543 118.839 106.746
-35 9.37117 98.3392 86.6288 47.1608
-35 -6.59518 78.4271 102.595 67.0729
-35 -73.0382 110.837 169.038 34.6627
-35 -26.0906 129.566 122.091 15.9337
-35 -14.6514 77.7105 110.651 67.7895
-35 -5.5229 -0.105728 101.523 145.606
-35 -68.363 -48.2078 164.363 193.708
-35 -38.0077 94.0525 134.008 51.4475
-35 69.6022 119.871 26.3978 25.6287
-35 -45.1528 -6.61554 141.153 152.116
-35 35.1914 128 60.8086 17.5005
-35 54.77 34.6283 41.23 110.872
-35 20.0582 98.9452 75.9418 46.5548
-35 -31.2365 76.686 127.236 68.814
-35 57.4966 -44.7367 38.5034 190.237
-35 36.9626 -43.3422 59.0374 188.842
-35 3.75717 126.423 92.2428 19.0768
-35 -9.06496 -40.6091 105.065 186.109
-35 -34.7483 76.3678 130.748 69.1322
-35 69.7169 55.8263 26.2831 89.6737
-35 -61.284 92.4583 157.284 53.0417
-35 -14.4466 3.85417 110.447 141.646
-35 -49.7986 74.7918 145.799 70.7082
-35 -70.9817 -63.6195 166.982 209.119
-35 -44.7526 -71.3048 140.753 216.805
-35 84.9877 10.296 11.0123 135.204
-35 -44.3086 -37.1 140.309 182.6
-35 -54.6599 99.0564 150.66 46.4436
-35 -60.0344 118.182 156.034 27.3183
-35 32.3276 5.9263 63.6724 139.574
-35 -43.1286 -75.1222 139.129 220.622
-35 -23.1515 -54.6637 119.151 200.164
-35 19.9982 102.53 76.0018 42.9697
-35 -57.8735 95.1013 153.873 50.3987
-35 -37.2209 35.4923 133.221 110.008
-35 33.3023 13.6273 62.6977 131.873
-35 85.0604 39.7472 10.9396 105.753
-35 7.39595 100.383 88.604 45.1165
-35 52.2321 113.1 43.7679 32.4002
-35 9.45348 101.465 86.5465 44.0352
-35 -36.4647 -61.4382 132.465 206.938
-35 -51.7772 -66.7375 147.777 212.237
-35 -0.203278 36.6673 96.2033 108.833
-35 48.7235 127.379 47.2765 18.1208
-35 17.3862 -72.3623 78.6138 217.862
-35 30.8742 95.0679 65.1258 50.4321
-35 50.7952 -126.398 45.2048 271.898
-35 -35.7932 -101.288 131.793 246.788
-35 -58.3662 92.6317 154.366 52.8683
-35 -39.8906 -87.4885 135.891 232.989
-35 32.1415 84.6674 63.8585 60.8326
-35 -3.089 -20.7348 99.089 166.235
-35 18.7111 -109.483 77.2889 254.983
-35 55.3294 1.63309 40.6706 143.867
-35 -61.4005 -65.7171 157.401 211.217
-35 5.17651 101.352 90.8235 44.1477
-35 64.0527 -96.2097 31.9473 241.71
-35 49.5187 -66.7241 46.4813 212.224
-35 -22.1598 97.7093 118.16 47.7907
-35 38.8757 36.5976 57.1243 108.902
-35 61.3811 -59.5339 34.6189 205.034
-35 -66.8245 -64.3582 162.825 209.858
-35 -42.5043 -50.2712 138.504 195.771
-35 -5.99031 -26.08 101.99 171.58
-35 33.5764 130.059 62.4236 15.4414
-35 45.1172 -35.1497 50.8828 180.65
-35 -38.1848 33.6796 134.185 111.82
-35 -51.1951 98.7301 147.195 46.7699
-35 -9.28471 130.358 105.285 15.1422
-35 42.9718 -69.5187 53.0282 215.019
-35 47.285 127.199 48.715 18.3005
-35 52.5662 48.1178 43.4338 97.3822
-35 -23.5643 -71.2561 119.564 216.756
-35 13.5917 98.9037 82.4083 46.5963
-35 -6.89234 86.0267 102.892 59.4733
-35 -41.1359 119.686 137.136 25.814
-35 -36.2172 -43.3232 132.217 188.823
-35 37.1837 35.6687 58.8163 109.831
-35 31.9965 -58.1949 64.0035 203.695
-35 28.1267 -69.6016 67.8733 215.102
-35 6.08079 -120.34 89.9192 265.84
-35 28.7698 127.556 67.2302 17.9442
-35 30.4589 112.192 65.5411 33.3076
-35 -28.7834 -45.7133 124.783 191.213
-35 -27.098 24.4183 123.098 121.082
-35 -45.7165 1.30188 141.717 144.198
-35 -7.62648 81.2228 103.626 64.2772
-35 78.0041 -68.581 17.9959 214.081
-35 74.0478 25.413 21.9522 120.087
-35 -2.73883 11.3932 98.7388 134.107
-35 -0.996101 -130.334 96.9961 275.834
-35 45.1096 -126.534 50.8904 272.034
-35 80.7739 123.325 15.2261 22.1752
-35 -25.6153 -50.4646 121.615 195.965
-35 -33.7356 94.7062 129.736 50.7938
-35 -72.0264 -60.5374 168.026 206.037
-35 22.6764 103.638 73.3236 41.8623
-35 -23.0016 -26.0904 119.002 171.59
-35 72.3851 28.7376 23.6149 116.762
-35 1.36078 100.876 94.6392 44.624
-35 8.60017 -128.327 87.3998 273.827
-35 -60.6532 -48.6366 156.653 194.137
-35 83.242 -1.77434 12.758 147.274
-35 -30.3656 -47.5427 126.366 193.043
-35 -82.2955 89.812 178.296 55.688
-35 -53.4126 -2.16866 149.413 147.669
-35 -45.4512 -60.7127 141.451 206.213
-35 -13.2873 -54.3884 109.287 199.888
-35 -21.36 2.61891 117.36 142.881
-35 -30.5065 102.756 126.506 42.7439
-35 -13.1727 -58.382 109.173 203.882
-35 -4.5325 54.8529 100.533 90.6471
-35 -83.847 51.7746 179.847 93.7254
-35 -82.9255 59.0939 178.926 86.4061
-35 83.7252 0.70726 12.2748 144.793
-35 -64.6772 21.7874 160.677 123.713
-35 23.1127 99.4175 72.8873 46.0825
-35 -50.1867 -64.4018 146.187 209.902
-23.8957 -96 88.2115 11.1043 57.2885
4.00917 -96 104.69 39.0092 40.8096
6.06424 -96 105.02 41.0642 40.4797
20.3831 -96 98.5464 55.3831 46.9536
-1.85565 -96 83.1968 33.1443 62.3032
-7.54882 -96 -53.8245 27.4512 199.325
-17.5502 -96 -50.6196 17.4498 196.12
20.0765 -96 -105.595 55.0765 251.095
-7.52891 -96 -58.2452 27.4711 203.745
-8.38919 -96 -61.4679 26.6108 206.968
-18.7884 -96 85.8853 16.2116 59.6147
-8.1203 -96 -50.4297 26.8797 195.93
11.0224 -96 112.074 46.0224 33.4263
8.86482 -96 -106.061 43.8648 251.561
-20.2185 -96 104.416 14.7815 41.0843
6.32679 -96 -104.366 41.3268 249.866
1.63122 -96 -27.9423 36.6312 173.442
-14.689 -96 20.9705 20.311 124.53
-5.23023 -96 103.194 29.7698 42.306
-18.0858 -96 -56.5 16.9142 202
-0.959282 -96 -130.948 34.0407 276.448
13.9275 -96 88.7067 48.9275 56.7933
-12.2586 -96 -117.49 22.7414 262.99
11.4682 -96 127.523 46.4682 17.9773
13.1611 -96 20.5061 48.1611 124.994
19.7671 -96 88.9122 54.7671 56.5878
-15.735 -96 77.2392 19.265 68.2608
11.3407 -96 120.033 46.3407 25.467
5.0201 -96 -122.61 40.0201 268.11
-6.83967 -96 88.292 28.1603 57.208
11.5892 -96 88.7381 46.5892 56.7619
-15.2134 -96 -106.572 19.7866 252.072
-7.01962 -96 58.3246 27.9804 87.1754
-18.0376 -96 77.215 16.9624 68.285
-1.27497 -96 93.4712 33.725 52.0288
12.2911 -96 -37.1061 47.2911 182.606
3.80386 -96 117.579 38.8039 27.9206
15.6733 -96 90.0149 50.6733 55.4851
-10.7866 -96 79.3438 24.2134 66.1562
-20.109 -96 77.5073 14.891 67.9927
11.2725 -96 20.5837 46.2725 124.916
3.66974 -96 94.0046 38.6697 51.4954
-13.2019 -96 -22.0231 21.7981 167.523
-6.69162 -96 85.076 28.3084 60.424
-19.4055 -96 -112.707 15.5945 258.207
-7.19479 -96 -20.7663 27.8052 166.266
4.67326 -96 -18.8684 39.6733 164.368
1.47178 -96 -106.214 36.4718 251.714
-17.1803 -96 -22.0497 17.8197 167.55
14.5441 -96 -19.0208 49.5441 164.521
-21.7575 -96 -69.5689 13.2425 215.069
9.51517 -96 99.2003 44.5152 46.2997
-22.3104 -96 71.3083 12.6896 74.1917
-6.112 -96 -22.7731 28.888 168.273
11.0708 -96 124.073 46.0708 21.4275
15.0968 -96 -112.095 50.0968 257.595
-19.8213 -96 -71.2722 15.1787 216.772
-16.8644 -96 -71.0438 18.1356 216.544
21.7894 -96 62.4909 56.7894 83.0091
-20.6004 -96 -100.923 14.3996 246.423
11.5369 -96 -60.4344 46.5369 205.934
-13.7447 -96 109.444 21.2553 36.0556
-8.76514 -96 -122.48 26.2349 267.98
-13.0469 -96 -71.5505 21.9531 217.051
4.92151 -96 20.5174 39.9215 124.983
-11.9271 -96 -40.6152 23.0729 186.115
-2.16539 -96 -112.372 32.8346 257.872
-18.2381 -96 -89.5627 16.7619 235.063
-2.26436 -96 -68.595 32.7356 214.095
20.6227 -96 -42.5929 55.6227 188.093
10.1496 -96 -43.4519 45.1496 188.952
9.06221 -96 -51.225 44.0622 196.725
3.72622 -96 39.7975 38.7262 105.703
-1.71722 -96 -86.4093 33.2828 231.909
10.5257 -96 -55.7692 45.5257 201.269
-5.69536 -96 11.9834 29.3046 133.517
-4.25146 -96 -100.005 30.7485 245.505
-1.00777 -96 67.4631 33.9922 78.0369
14.7209 -96 -67.3184 49.7209 212.818
14.1813 -96 11.5877 49.1813 133.912
-5.89387 -96 -128.441 29.1061 273.941
12.8215 -96 1.43327 47.8215 144.067
-14.1585 -96 -89.5483 20.8415 235.048
-1.52622 -96 -89.4412 33.4738 234.941
12.4289 -96 -68.8512 47.4289 214.351
4.96584 -96 -126.432 39.9658 271.932
-13.743 -96 6.51538 21.257 138.985
-2.51385 -96 67.368 32.4861 78.132
-7.77592 -96 77.2441 27.2241 68.2559
1.57624 -96 67.5819 36.5762 77.9181
14.7989 -96 76.5373 49.7989 68.9627
12.4825 -96 -130.702 47.4825 276.202
3.19849 -96 -2.19832 38.1985 147.698
5.54122 -96 -89.6724 40.5412 235.172
6.78494 -96 -125.23 41.7849 270.73
10.2259 -96 85.5484 45.2259 59.9516
22.4181 -96 81.2837 57.4181 64.2163
23.0727 -96 82.32 58.0727 63.18
10.8729 -96 67.8906 45.8729 77.6094
15.4072 -96 -125.191 50.4072 270.691
7.15156 -96 -39.7921 42.1516 185.292
-17.5342 -96 -80.764 17.4658 226.264
3.86825 -96 -10.0431 38.8683 155.543
-23.3698 -96 -80.4814 11.6302 225.981
-4.59464 -96 -17.9322 30.4054 163.432
6.32821 -96 67.0174 41.3282 78.4826
16.6505 -96 -31.8453 51.6505 177.345
-5.57742 -96 -112.76 29.4226 258.26
10.4978 -96 -21.9088 45.4978 167.409
-1.28593 -96 129.892 33.7141 15.6077
10.1119 -96 -81.6159 45.1119 227.116
-1.13663 -96 44.4332 33.8634 101.067
-2.19641 -96 -44.5787 32.8036 190.079
-10.5081 -96 -101.578 24.4919 247.078
-18.1921 -96 -95.3214 16.8079 240.821
4.99718 -96 -49.8829 39.9972 195.383
5.68221 -96 43.546 40.6822 101.954
12.7845 -96 -122.836 47.7845 268.336
11.7072 -96 -86.2566 46.7072 231.757
17.7291 -96 -121.438 52.7291 266.938
0.255501 -96 20.5945 35.2555 124.906
-10.6446 -96 84.8026 24.3554 60.6974
-4.03144 -96 5.22627 30.9686 140.274
-9.36639 -96 -126.51 25.6336 272.01
-15.956 -96 35.9246 19.044 109.575
-13.5245 -96 -119.742 21.4755 265.242
-11.8161 -96 127.757 23.1839 17.7433
16.1631 -96 47.5278 51.1631 97.9722
-14.9239 -96 31.6517 20.0761 113.848
11.8013 -96 -76.4327 46.8013 221.933
6.39916 -96 74.4882 41.3992 71.0118
-7.09107 -96 36.4736 27.9089 109.026
-3.94142 -96 90.2138 31.0586 55.2862
-18.9363 -96 34.9141 16.0637 110.586
-15.6652 -96 49.6732 19.3348 95.8268
12.3942 -96 -2.175 47.3942 147.675
8.02235 -96 -117.241 43.0224 262.741
