toothpaste -98.2059 -68.3568 -87.0769 16727 -608.737 -493.782 -608.737 2068.86 -383.034 -493.782 -383.034 12286.5 188.366 82.2901 165.811 28973.4 -1274.98 -11649.8 -1274.98 3127.29 -383.148 -11649.8 -383.148 21688.9
cell_phone -122.724 -31.4102 -82.2691 25017.7 331.974 -4085.22 331.974 415.906 230.969 -4085.22 230.969 15738 108.863 37.1286 107.783 24182.2 -10.3542 -4655.56 -10.3542 599.604 527.026 -4655.56 527.026 19056.8
plate -99.8534 -41.5836 -112.561 24198.5 25.269 -3132.05 25.269 1433.53 1459.12 -3132.05 1459.12 26590.8 135.939 43.6961 147.989 32020.2 214.758 -8935.14 214.758 1499.34 1493.85 -8935.14 1493.85 30943.4
keyboard -78.5288 -32.3022 -84.8584 15339.6 -1.20703 -1722.62 -1.20703 422.679 242.863 -1722.62 242.863 16282.2 120.622 41.7786 127.538 22857.4 342.952 -6929.86 342.952 701.395 693.095 -6929.86 693.095 22581.1
kleenex -126.132 -45.8023 -124.515 29705.8 -266.32 -5981.85 -266.32 543.197 436.338 -5981.85 436.338 25268.8 142.58 51.7135 127.573 32528 -726.797 -7002.14 -726.797 789.99 817.669 -7002.14 817.669 24777.6
binder -80.8391 -65.5871 -96.2049 9864.86 -170.405 -943.543 -170.405 1613.34 756.404 -943.543 756.404 12948.4 113.782 42.1257 111.541 16982.8 965.537 -4699.56 965.537 847.017 -498.224 -4699.56 -498.224 16854.2
glue_stick -100.36 -54.965 -99.9875 14314.5 -224.974 -1979.9 -224.974 2388.41 -242.35 -1979.9 -242.35 14896.1 110.269 54.3662 144.016 16250.1 -816.669 -4352.7 -816.669 2359.06 248.683 -4352.7 248.683 18066.8
food_jar -124.481 -56.6036 -106.091 23645 -402.407 -2844.64 -402.407 1021.06 108.202 -2844.64 108.202 18668.5 141.554 52.6909 143.125 27191.1 -364.124 -7543.71 -364.124 967.157 345.188 -7543.71 345.188 24486.5
peach -96.2783 -45.1114 -92.1736 19419 -926.385 -2691.02 -926.385 862.197 -250.94 -2691.02 -250.94 18430 103.767 25.9959 132.385 23491.7 108.138 -8268.38 108.138 713.693 -959.482 -8268.38 -959.482 25052.1
bowl -108.208 -30.8103 -92.4732 24650.6 158.718 -2083.52 158.718 1137.35 113.601 -2083.52 113.601 20085 109.433 38.1947 139.485 25697.8 -703.96 -7145.24 -703.96 1481.19 1653.27 -7145.24 1653.27 27332.6
notebook -117.234 -72.1873 -126.138 17915.6 -1470.57 -138.533 -1470.57 2696.53 181.734 -138.533 181.734 24375.7 114.222 65.8842 180.332 19362.4 -1048.9 -4689.93 -1048.9 1305.58 1319.5 -4689.93 1319.5 28468.5
greens -107.789 -69.4329 -114.428 15883.7 253.89 -1969.33 253.89 699.96 89.1328 -1969.33 89.1328 22778.1 127.711 71.4417 187.017 21243.4 -438.242 -7897.07 -438.242 1601.97 1021.75 -7897.07 1021.75 30293.2
stapler -76.3911 -22.2502 -68.8492 13142.5 -33.3112 -1837.63 -33.3112 122.416 113.765 -1837.63 113.765 10505.7 95.6717 32.383 85.9507 14013.2 -47.5315 -3433.77 -47.5315 434.497 204.892 -3433.77 204.892 11942.3
toothbrush -94.4951 -62.6159 -109.081 20004.9 -1489.82 -332.187 -1489.82 4045.73 3881.7 -332.187 3881.7 24380.2 111.464 53.1739 193.787 23652 -721.103 -8121.52 -721.103 1760.55 1604.85 -8121.52 1604.85 33545
instant_noodles -152.783 -75.4499 -143.85 25580.7 -857.828 -4506.6 -857.828 2765.72 -344.505 -4506.6 -344.505 22942.9 133.164 82.9752 163.101 24975.6 -1223.59 -5188.67 -1223.59 3968.52 -234.767 -5188.67 -234.767 25427.7
cereal_box -120.061 -63.7817 -124.741 15285.4 -634.695 -1810.18 -634.695 2119.36 1102.92 -1810.18 1102.92 19978.9 94.5245 73.9244 172.424 11673.8 -1098.35 -2028.81 -1098.35 3966.42 1417.43 -2028.81 1417.43 23071
hand_towel -97.7141 -34.9811 -88.6901 20617.3 310.356 -1796.58 310.356 955.472 238.214 -1796.58 238.214 18316 104.148 43.6478 155.823 19914.7 -779.187 -7038.3 -779.187 958.451 623.932 -7038.3 623.932 26340.7
pear -74.8777 -44.2522 -133.368 8262.5 -613.555 -1307.69 -613.555 1059.02 202.649 -1307.69 202.649 17274.4 70.2115 15.5382 82.4568 11934.1 -144.016 -2680.54 -144.016 602.676 751.026 -2680.54 751.026 15936.4
flashlight -115.386 -49.7609 -97.1318 22630 -953.483 -1354.43 -953.483 1170.53 1292.49 -1354.43 1292.49 15522.4 145.571 54.9077 146.219 27517.3 -699.984 -6638.82 -699.984 2119.32 861.903 -6638.82 861.903 22172
cap -122.299 -29.6266 -110.632 24555.8 -110.883 -4323.63 -110.883 470.344 -102.378 -4323.63 -102.378 21127.3 95.694 47.4756 128.725 20013.8 -736.737 -5503.25 -736.737 1415.26 1568.62 -5503.25 1568.62 23835.5
food_box -119.534 -71.6676 -119.924 16542.4 -415.296 -1731.26 -415.296 2259.46 -51.1064 -1731.26 -51.1064 17853.6 114.806 69.364 155.536 17548 -1103.73 -4371.82 -1103.73 2958.58 276.971 -4371.82 276.971 21539.1
lime -54.9659 -33.6746 -74.8378 5449.72 -346.133 -1337.72 -346.133 724.098 1139.97 -1337.72 1139.97 12784 90.34 42.5302 141.542 11749.9 -551.966 -5361.92 -551.966 543.374 1081.93 -5361.92 1081.93 16730.1
soda_can -134.056 -60.3424 -114.246 26644.5 -507.972 -2106.74 -507.972 776.813 287.49 -2106.74 287.49 18819.4 153.511 66.1039 156.032 30317.9 -255.957 -7815.24 -255.957 1405.9 1297.93 -7815.24 1297.93 24632.5
orange -91.0917 -52.0744 -120.328 18963 -3366.27 -4882.28 -3366.27 2784.05 2762.79 -4882.28 2762.79 20353.6 105.142 21.4836 116.48 24626.5 -1423.16 -9211.87 -1423.16 697.823 1263.19 -9211.87 1263.19 25372.5
garlic -88.6181 -28.0121 -78.8714 18372.8 -33.584 -3104.28 -33.584 825.445 -504.938 -3104.28 -504.938 14301.8 118.701 28.7008 97.8428 22471.6 -459.565 -7287.05 -459.565 950.985 -159.368 -7287.05 -159.368 17359
coffee_mug -108.464 -32.8149 -96.0163 21842.4 -607.066 -2500.87 -607.066 1147.71 1365.14 -2500.87 1365.14 19152.6 108.034 41.6976 130.076 23783.8 -431.632 -6230.16 -431.632 1537.46 1011.14 -6230.16 1011.14 23671.2
mushroom -135.455 -25.2241 -109.038 28603.7 626.923 -9390.39 626.923 596.73 -881.604 -9390.39 -881.604 22476.2 104.477 38.0925 89.1298 25189.8 -656.992 -4717.77 -656.992 1130.65 404.364 -4717.77 404.364 16998.9
lightbulb -100.34 -18.0901 -85.1642 30389.6 -127.823 -2618.23 -127.823 1266.44 600.257 -2618.23 600.257 21814 145.031 45.9856 155.745 37825.3 -2410.74 -15873.7 -2410.74 1528.41 3132.89 -15873.7 3132.89 38131.6
food_can -117.068 -56.92 -106.566 24115.9 -567.872 -2420.81 -567.872 574.197 123.27 -2420.81 123.27 19281.4 161.176 62.3735 141.424 31845 269.726 -8652.19 269.726 788.893 357.376 -8652.19 357.376 24110.6
pitcher -127.269 -35.827 -88.9898 30060.6 -305.616 -4145.53 -305.616 750.343 380.468 -4145.53 380.468 17447.7 135.943 39.0531 132.073 28669.2 -637.218 -9601.62 -637.218 929.609 1108.54 -9601.62 1108.54 26970
food_bag -155.032 -78.4479 -143.116 22537.7 -949.905 -1713.83 -949.905 4063.07 20.584 -1713.83 20.584 20902.7 127.226 85.2185 178.148 19898.4 -1322.18 -3746.62 -1322.18 5355.81 -226.384 -3746.62 -226.384 23909
rubber_eraser -52.7293 -51.1465 -50.7334 7130.24 -315.246 37.7046 -315.246 228.944 12.01 37.7046 12.01 6040.18 196.031 64.4811 137.143 22347.1 58.1973 -14181.4 58.1973 316.545 248.814 -14181.4 248.814 18761.6
camera -80.1706 -41.4694 -88.1749 14045.9 -247.279 -1343.85 -247.279 693.092 837.318 -1343.85 837.318 14528.2 152.35 41.8056 113.68 24687.2 -104.483 -7483.61 -104.483 576.804 445.676 -7483.61 445.676 17933.2
food_cup -125.478 -59.8232 -101.346 27064.4 -560.842 -2350.07 -560.842 540.754 35.5869 -2350.07 35.5869 18728 168.717 60.0053 156.007 34034.5 -293.613 -10178.3 -293.613 933.18 301.228 -10178.3 301.228 26820.3
onion -93.5314 -24.154 -89.1417 21254.6 227.018 -3805.99 227.018 799.027 -103.862 -3805.99 -103.862 16752.5 121.514 33.7204 99.5115 23834.9 -1324.23 -6553.25 -1324.23 979.015 1241.38 -6553.25 1241.38 19043.2
tomato -110.232 -39.6963 -79.065 9903.01 -498.256 -2006.11 -498.256 1089.23 114.308 -2006.11 114.308 15250.8 36.5801 23.7967 117.54 6046.11 -33.5417 -977.786 -33.5417 550.945 -189.105 -977.786 -189.105 16574.8
dry_battery -93.3701 -47.9428 -109.37 13080.9 -1075.04 -2007.52 -1075.04 1655.74 1093.61 -2007.52 1093.61 14379.3 82.1391 31.0774 100.058 13331.8 -430.384 -2655.32 -430.384 1157.09 365.686 -2655.32 365.686 14545.4
lemon -71.8775 -66.8009 -132.929 9179.65 -1478.75 507.653 -1478.75 5598.1 296.551 507.653 296.551 19963.9 55.049 44.7616 100.876 6417.34 469.264 954.426 469.264 3814.92 260.115 954.426 260.115 20737.9
pliers -100.582 -32.6882 -77.706 18875.5 -329.177 -2128.73 -329.177 247.35 205.294 -2128.73 205.294 12687.9 125.286 39.2224 109.233 22530.6 -158.937 -5565.7 -158.937 590.823 670.35 -5565.7 670.35 16265.7
calculator -142.778 -58.6287 -106.858 26927.5 -878.576 -3437.29 -878.576 698.287 138.495 -3437.29 138.495 17367.1 119.187 43.6191 138.852 25290.5 -472.29 -6035.83 -472.29 689.095 427.671 -6035.83 427.671 21265.7
bell_pepper -90.2674 -50.3117 -91.8096 9267.89 203.132 -2213.31 203.132 1845.32 25.3237 -2213.31 25.3237 12022.4 49.7016 36.0515 97.8553 5906.09 153.137 -1126.1 153.137 1002.23 310.791 -1126.1 310.791 14584.4
sponge -48.899 -37.2866 -79.6771 8811.7 -543.226 -1324.28 -543.226 2084.21 293.898 -1324.28 293.898 12350 157.836 50.8602 133.704 20206.5 -740.929 -9160.9 -740.929 1518.48 27.9072 -9160.9 27.9072 18235.4
water_bottle -87.7119 -55.7654 -84.0041 14951 -836.563 -734.285 -836.563 1012.39 495.678 -734.285 495.678 10890.3 166.707 49.1991 143.799 26400 -483.639 -8097 -483.639 933.26 281.518 -8097 281.518 19625.3
apple -82.4463 -42.3846 -101.338 11904.6 -792.066 -1910.29 -792.066 1451.88 -1.97217 -1910.29 -1.97217 14445.8 88.7009 31.6348 93.5639 14074.2 -123.774 -3097.43 -123.774 1135.65 -798.609 -3097.43 -798.609 14241.6
banana -101.387 -43.5861 -118.308 18760.6 -1247.37 -5025.02 -1247.37 1765.73 2515 -5025.02 2515 19348.6 118.023 45.1603 114.259 21080 -1079.77 -5919.37 -1079.77 767.946 1445.21 -5919.37 1445.21 20944.3
shampoo -86.3637 -38.4689 -67.5572 20355.2 -504.651 -941.986 -504.651 939.539 -620.794 -941.986 -620.794 13473.2 163.736 58.1467 171.28 31877.1 -231.004 -14239.7 -231.004 1192.73 1393.41 -14239.7 1393.41 28077.9
comb -98.9387 -29.2573 -58.1705 19630.9 -169.454 -920.897 -169.454 156.733 -74.1823 -920.897 -74.1823 8941.78 113.254 43.2221 136.442 22267.7 -219.008 -6955.52 -219.008 631.296 1332.58 -6955.52 1332.58 20565.6
marker -101.368 -42.707 -91.9297 19125.9 -588.3 -1746.19 -588.3 536.491 196.087 -1746.19 196.087 14423.8 139.399 51.5945 121.763 22891 -492.158 -5935.27 -492.158 965.475 586.386 -5935.27 586.386 16871.2
scissors -96.0363 -49.3483 -109.158 13323.4 -2076.32 -1607.58 -2076.32 2645.94 84.0605 -1607.58 84.0605 19175.5 90.7279 31.6382 141.834 16103.2 -1140.01 -5020.18 -1140.01 1606.39 -718.915 -5020.18 -718.915 22815.5
ball -99.0545 -41.5102 -87.2072 22066.2 -522.36 -2301.41 -522.36 1469.45 -345.025 -2301.41 -345.025 17287.4 125.055 41.8078 162.731 26801.7 -500.559 -9707.03 -500.559 1135.97 301.838 -9707.03 301.838 27403.9
potato -74.9444 -36.9078 -58.2088 13795.8 -1265.67 -1238.06 -1265.67 870.542 168.229 -1238.06 168.229 9588.03 82.0134 12.0215 104.674 16302.8 -737.221 -5717.67 -737.221 493.884 439.046 -5717.67 439.046 15744.9
