toothpaste_1 -112.945 -64.394 -127.214 15466.7 150.67 -3191 150.67 4488.16 -1164.82 -3191 -1164.82 19037.9 125.424 109.437 172.571 16344 -2181.75 -2312.19 -2181.75 7354.71 -819.404 -2312.19 -819.404 19620
toothpaste_2 -68.8891 -65.5294 -74.4427 11330.9 -868.354 36.5649 -868.354 498.247 72.2534 36.5649 72.2534 10951 213.252 76.737 176.042 30913 -800.372 -16994.1 -800.372 1206.2 112.86 -16994.1 112.86 24582.2
toothpaste_3 -70.5141 -78.6119 -60.2395 13162.6 -1228.31 780.611 -1228.31 569.481 40.5376 780.611 40.5376 6477.38 245.839 73.9732 152.376 31502 683.539 -17705.1 683.539 240.096 -133.069 -17705.1 -133.069 22278.3
cell_phone_1 -122.206 -33.2988 -98.9484 25453.6 -17.7708 -4937.26 -17.7708 441.462 122.142 -4937.26 122.142 20732.3 105.166 39.6097 119.254 24192 -438.223 -5608.98 -438.223 625.86 608.126 -5608.98 608.126 23601.9
cell_phone_2 -150.221 -35.5944 -79.9321 27541.1 -124.917 -3602.97 -124.917 486.342 519.806 -3602.97 519.806 15075.4 86.1846 35.9091 113.64 19888.1 -169.663 -3355.6 -169.663 619.077 676.028 -3355.6 676.028 20337
cell_phone_3 -101.418 -30.7395 -88.5994 22330.4 240.621 -2891.73 240.621 359.231 167.138 -2891.73 167.138 15425.8 128.929 37.5095 103.78 25575.8 -85.6978 -5748.67 -85.6978 607.592 382.845 -5748.67 382.845 18181.3
plate_1 -107.36 -53.6788 -142.54 23665.7 428.562 -4309.87 428.562 2067.19 2787.16 -4309.87 2787.16 29697.5 168.77 50.517 124.351 34373.9 429.18 -8178.11 429.18 1307.58 1806.61 -8178.11 1806.61 23599.5
plate_2 -124.55 -51.2606 -94.209 30640.1 -418.617 -3353.06 -418.617 331.281 -194.656 -3353.06 -194.656 18841.4 182.185 50.6917 143.882 39104 112.7 -11957.4 112.7 730.14 315.584 -11957.4 315.584 28571.1
plate_3 -130.819 -47.1214 -122.795 30636.7 -861.053 -3327.59 -861.053 837.909 159.186 -3327.59 159.186 24116.9 149.135 64.1293 150.722 31984.2 -1539.86 -6522.6 -1539.86 2757.16 -1058.34 -6522.6 -1058.34 28665.9
plate_4 -84.5503 -30.4574 -104.061 16656.2 -1398.03 -2420.09 -1398.03 2184.61 2925.19 -2420.09 2925.19 23251.4 72.2302 21.5032 128.264 18634.2 50.7417 -5966.54 50.7417 1142.86 1308.21 -5966.54 1308.21 27606.4
plate_5 -85.7186 -11.1448 -71.8485 28885.9 1128.73 -2003 1128.73 750.098 -165.3 -2003 -165.3 23671.8 126.609 40.911 174.162 34418.5 -2684.85 -12521.5 -2684.85 1640.55 4367.38 -12521.5 4367.38 39106.6
keyboard_1 -76.2444 -24.6997 -80.8215 15750 407.492 -2137.23 407.492 648.464 528.432 -2137.23 528.432 16536.4 77.0054 35.9839 132.009 14366.8 -418.109 -4932.06 -418.109 870.622 2019.63 -4932.06 2019.63 23164.8
keyboard_2 -99.7857 -40.6445 -109.285 20609.9 -323.667 -3000.03 -323.667 326.326 249.004 -3000.03 249.004 21921.9 140.799 48.4884 129.797 29370.5 815.868 -6643.04 815.868 799.313 254.572 -6643.04 254.572 27348.1
keyboard_3 -87.2065 -34.27 -86.3526 14257 -244.328 -2040.86 -244.328 125.293 193.389 -2040.86 193.389 13408.3 108.996 40.1467 110.345 16508.3 381.338 -4330.31 381.338 452.531 -411.587 -4330.31 -411.587 16344.9
kleenex_1 -137.199 -47.7103 -122.849 31096.4 -107.944 -5822.62 -107.944 397.297 -154.733 -5822.62 -154.733 22327.7 152.812 48.1238 119.937 34245.9 -1159.58 -6097.65 -1159.58 727.526 730.856 -6097.65 730.856 22167
kleenex_2 -142.36 -40.6997 -102.721 33003.2 -269.769 -5608.42 -269.769 557.315 508.684 -5608.42 508.684 22366.1 125.385 48.5045 143.983 30237 -673.439 -8304.96 -673.439 767.733 1389.2 -8304.96 1389.2 28066.5
kleenex_3 -102.31 -44.1687 -114.734 24382.5 -321.625 -2982.38 -321.625 433.546 327.814 -2982.38 327.814 23578.2 161.825 55.9051 149.308 32235.1 -1139.83 -10366.3 -1139.83 839.316 1036.65 -10366.3 1036.65 27659.8
binder_1 -93.7401 -76.815 -106.641 10606.4 -940.982 -1023.13 -940.982 2164.24 638.985 -1023.13 638.985 14286.1 94.9339 40.9104 114.693 14646.4 1614.76 -3866.22 1614.76 1233.67 -703.18 -3866.22 -703.18 18777.1
binder_2 -80.7906 -52.7182 -87.8332 11239.9 410.922 -1199.42 410.922 403.721 -174.756 -1199.42 -174.756 11897.4 113.283 43.2909 115.304 15933.7 -30.2305 -3703.29 -30.2305 463.107 -407.547 -3703.29 -407.547 14581.9
glue_stick_1 -91.2503 -43.4782 -86.6944 15956 -498.185 -1526.6 -498.185 707.63 -313.087 -1526.6 -313.087 14266 109.216 58.0987 150.937 19244.9 -1598.59 -6382.79 -1598.59 1563.34 1476.85 -6382.79 1476.85 20136.6
glue_stick_2 -81.2052 -50.1562 -73.4516 14043.6 -910.213 -445.069 -910.213 667.088 168.535 -445.069 168.535 10163.9 131.973 51.7241 169.724 21336.6 -1155.26 -9983.17 -1155.26 625.682 1000.28 -9983.17 1000.28 20466.4
glue_stick_3 -110.288 -60.3334 -125.607 12552.9 19.9888 -3502.17 19.9888 5388.19 -331.368 -3502.17 -331.368 16503.6 81.6788 66.0114 127.81 8485 -1079.63 -620.866 -1079.63 4499.08 1373.3 -620.866 1373.3 15409.2
glue_stick_4 -99.2543 -75.2238 -110.451 12236.9 295.554 -162.229 295.554 2855.28 -989.13 -162.229 -989.13 15747.5 111.857 51.1088 140.958 14640.5 651.886 -2389.32 651.886 3221.88 -1728.04 -2389.32 -1728.04 19059.5
food_jar_1 -125.053 -46.4968 -93.8574 25909.3 -271.355 -1899.16 -271.355 335.929 86.0142 -1899.16 86.0142 14867.6 159.154 53.8455 128.623 29041.7 194.266 -7836.22 194.266 574.922 244.158 -7836.22 244.158 20486.2
food_jar_2 -152.433 -39.5176 -92.4223 28598.8 -153.034 -6118.71 -153.034 759.525 29.179 -6118.71 29.179 18334.5 112.125 46.5886 137.256 26682.8 -778.117 -6870.45 -778.117 938.743 1376.51 -6870.45 1376.51 24850.8
food_jar_3 -142.518 -59.5441 -110.561 27625.1 40.4092 -4580.13 40.4092 1510.71 -31.3838 -4580.13 -31.3838 20695.9 130.72 53.3652 133.612 27419.8 529.388 -6284.94 529.388 1054.04 -477.517 -6284.94 -477.517 23357.1
food_jar_4 -143.473 -68.4986 -115.712 23654.2 -1026.51 -2107.88 -1026.51 766.318 -100.128 -2107.88 -100.128 15550.1 140.576 60.7999 136.826 24200.4 18.9502 -4953.88 18.9502 681.64 -384.191 -4953.88 -384.191 19507.7
peach_1 -96.4404 -39.291 -97.3428 20377.5 -1128.94 -3336.31 -1128.94 913.398 -805.142 -3336.31 -805.142 18652.6 98.8536 32.2877 137.862 20732 -503.458 -6247.99 -503.458 980.187 -1178.71 -6247.99 -1178.71 23236.4
peach_2 -96.0155 -48.2202 -91.9296 20304.1 -741.572 -2192.15 -741.572 746.849 266.618 -2192.15 266.618 17273.9 116.433 23.349 112.037 26301.4 41.7869 -9024.02 41.7869 495.123 -136.615 -9024.02 -136.615 24365.9
bowl_1 -128.224 -54.1049 -116.792 23720.6 -1036.62 -4120.76 -1036.62 1525.57 -225.343 -4120.76 -225.343 21013.8 118.214 49.8977 128.182 24574.8 131.944 -5540.9 131.944 1361.64 -747.451 -5540.9 -747.451 22066.9
bowl_2 -106.256 -25.2298 -88.8759 25736.3 102.652 -2148.68 102.652 874.641 782.562 -2148.68 782.562 21424.5 112.712 49.7761 169.396 26124.1 -1569.09 -9392.65 -1569.09 1294.36 2860.81 -9392.65 2860.81 31341.2
bowl_3 -70.3141 -27.1757 -100.313 17601.4 200.543 -2636.5 200.543 1116.11 -759.484 -2636.5 -759.484 21452.3 126.06 17.8986 107.763 28195.3 -977.717 -9266.17 -977.717 1584.49 17.835 -9266.17 17.835 24997.4
bowl_4 -90.4154 -22.0569 -104.685 24959.3 306.577 -4682.27 306.577 1234.64 835.104 -4682.27 835.104 23356.5 117.386 29.0417 106.021 28063.7 -1525.78 -8927.7 -1525.78 1608.65 1927.29 -8927.7 1927.29 25470.1
notebook_1 -122.948 -59.3579 -129.637 23503 -694.629 -175.551 -694.629 1770.46 1433.74 -175.551 1433.74 23223.9 134.058 74.2714 181.166 26375.9 -3008.53 -4090.19 -3008.53 3245.58 3308.37 -4090.19 3308.37 27219.6
notebook_2 -113.032 -101.957 -159.804 9913.91 -2739.74 1407.85 -2739.74 4559.42 -2078.78 1407.85 -2078.78 24932.7 98.2615 64.1628 164.367 11355.6 -238.189 -2233.05 -238.189 825.924 -494.898 -2233.05 -494.898 27282
notebook_3 -92.1343 -54.7735 -126.116 15018.3 340.727 -3794.31 340.727 553.994 1206.98 -3794.31 1206.98 26788.1 125.119 65.8112 158.856 22681.5 -311.181 -8931.87 -311.181 619.172 1591.35 -8931.87 1591.35 29819.7
greens_1 -116.072 -80.3584 -129.714 16277.7 95.8047 -2464.9 95.8047 1373.02 522.362 -2464.9 522.362 24391 131.457 66.4771 166.977 22172.9 341.989 -5677.03 341.989 1407.42 -15.6533 -5677.03 -15.6533 27853.9
greens_2 -102.37 -61.77 -108.061 15312.5 75.1431 -2434.71 75.1431 404.267 465.501 -2434.71 465.501 21607.7 124.216 66.6799 186.384 22313.1 -182.803 -9570.74 -182.803 563.681 1663.27 -9570.74 1663.27 30236.5
stapler_1 -95.8798 -23.1546 -86.1596 17477.7 -130.166 -3697.54 -130.166 162.028 290.981 -3697.54 290.981 14883.3 102.337 38.3954 94.9506 18439.1 33.8823 -3704.59 33.8823 551.415 -140.12 -3704.59 -140.12 14093
stapler_2 -87.1307 -20.9792 -71.2319 16496.3 -37.7988 -2085.73 -37.7988 105.224 181.733 -2085.73 181.733 12071.2 124.428 36.4187 90.8049 19414.1 78.4814 -4255.57 78.4814 513.974 -209.059 -4255.57 -209.059 12952.3
stapler_3 -65.0736 -19.4178 -42.9035 9489.89 18.1836 -760.906 18.1836 121.998 115.293 -760.906 115.293 4842.44 86.8364 24.9683 72.2228 11101.3 247.031 -2574.24 247.031 273.067 109.886 -2574.24 109.886 7854
stapler_4 -81.4085 -21.286 -54.9571 12039.7 -89.856 -1272.59 -89.856 96.2482 49.608 -1272.59 49.608 6710.32 86.7776 28.6626 74.2965 11878.4 427.334 -2677.97 427.334 333.783 88.3081 -2677.97 88.3081 8849.06
stapler_5 -67.7321 -23.0645 -60.8437 10736.7 -99.7185 -897.048 -99.7185 135.757 132.264 -897.048 132.264 8309.29 93.4598 31.8757 92.5675 11983.1 201.229 -3784.24 201.229 379.787 230.427 -3784.24 230.427 12322.9
toothbrush_1 -161.698 -76.0581 -134.34 29875.3 -3722.26 -1560.61 -3722.26 3988.44 3436.16 -1560.61 3436.16 27662.3 79.7748 23.7382 153.177 24529.1 596.282 -1179.01 596.282 1112.22 -417.235 -1179.01 -417.235 33739.2
toothbrush_2 -82.6297 -75.6889 -165.632 9815.31 -2436.41 -6654.19 -2436.41 4400.8 6569.89 -6654.19 6569.89 31014.8 111.118 76.8557 173.337 12927.3 -1047.25 -4525.97 -1047.25 1862.05 2330.4 -4525.97 2330.4 32928.9
toothbrush_3 -45.5912 -28.1558 -60.2384 12180.9 45.9551 -46.4541 45.9551 187.028 7.2644 -46.4541 7.2644 15142 134.235 61.2394 227.287 29272.2 -3353.7 -16327.8 -3353.7 998.437 3132.85 -16327.8 3132.85 31143.5
instant_noodles_1 -124.305 -64.4712 -135.244 21865.4 -8.60889 -3426.73 -8.60889 2408.98 -539.941 -3426.73 -539.941 24909.9 140.844 97.5959 201.07 21434.4 -1915.83 -3436.78 -1915.83 5014.52 -948.588 -3436.78 -948.588 27785.7
instant_noodles_2 -136.728 -81.9067 -128.233 26064.4 360.729 -2233.37 360.729 1413.11 -284.352 -2233.37 -284.352 22854.3 172.741 79.2534 176.057 29858.3 -275.919 -6467.01 -275.919 1806.2 -548.021 -6467.01 -548.021 28256.3
instant_noodles_3 -164.131 -60.924 -142.01 26903.7 105.013 -7613.46 105.013 1015.98 97.6045 -7613.46 97.6045 22316.9 114.233 100.825 152.705 18914.9 -921.106 -3878.47 -921.106 3251.73 760.039 -3878.47 760.039 20610.6
instant_noodles_4 -150.039 -90.0943 -132.517 25683.3 -351.268 -4340.96 -351.268 1139.51 -15.3311 -4340.96 -15.3311 24159.8 140.973 65.1778 170.1 27451.9 -540.391 -8876.37 -540.391 1446.49 837.231 -8876.37 837.231 29051.4
instant_noodles_5 -137.106 -83.3349 -142.011 20838.8 -2614.13 -3932.63 -2614.13 7212.45 -527.945 -3932.63 -527.945 22139.6 123.639 67.2169 177.51 20446.6 -878.986 -5469.57 -878.986 6668.91 -1175.55 -5469.57 -1175.55 25274.7
cereal_box_1 -106.405 -74.8272 -149.433 10458.4 -1270.73 -2783.85 -1270.73 4333.09 1141.74 -2783.85 1141.74 25411.9 87.155 66.2151 169.983 10598.8 -781.597 -1235.25 -781.597 4468.08 -274.603 -1235.25 -274.603 25254.5
cereal_box_2 -113.82 -55.9358 -121.435 15463.2 -293.334 -1481.99 -293.334 1572.95 152.298 -1481.99 152.298 16412.8 113.029 76.0586 159.253 13354.5 -859.197 -2252.18 -859.197 3937.75 444.185 -2252.18 444.185 19474.4
cereal_box_3 -131.261 -66.6281 -121.384 19088.6 -357.413 -1481.42 -357.413 1562.08 942.998 -1481.42 942.998 17807.6 107.091 74.6362 154.502 16472.1 -881.549 -3499.91 -881.549 2326.09 1970.63 -3499.91 1970.63 21176
hand_towel_1 -47.6625 -21.928 -65.1376 13181.9 180.644 239.981 180.644 1087.63 1037.88 239.981 1037.88 15355.9 146.005 42.1561 181.804 29435.4 -2368.89 -14622.7 -2368.89 1555.22 1756.43 -14622.7 1756.43 28538.2
hand_towel_2 -124.231 -48.913 -108.404 22437.5 -254.218 -4223.53 -254.218 957.138 -934.067 -4223.53 -934.067 20391.3 101.538 44.1657 125.063 19339.3 476.012 -3849.44 476.012 840.655 -1373.12 -3849.44 -1373.12 22278.7
hand_towel_3 -112.797 -36.5285 -87.5856 22616.6 -61.6428 -2995.89 -61.6428 260.771 -69.8938 -2995.89 -69.8938 16678.3 103.599 48.0072 141.375 19169.8 -1166.06 -6661.47 -1166.06 589.232 2144.54 -6661.47 2144.54 24088.8
pear_1 -71.8482 -38.7798 -103.441 10174.8 -989.199 -1177.35 -989.199 946.571 1059.36 -1177.35 1059.36 12953.3 99.3324 23.705 82.2585 15504.7 -518.479 -3382.22 -518.479 783.996 1262.95 -3382.22 1262.95 12656.9
pear_2 -72.8091 -39.6669 -112.307 7631.46 -892.048 -1479.18 -892.048 1147.01 1167.71 -1479.18 1167.71 16708.2 66.2121 20.9662 98.7713 9493.67 -686.929 -2866.14 -686.929 800.003 1549.87 -2866.14 1549.87 17462.2
pear_3 -86.8604 -38.195 -146.462 7579.2 -588.13 -1020.31 -588.13 832.405 -348.334 -1020.31 -348.334 19867.6 44.6008 12.9377 90.1848 9618.17 -17.7202 -2409.37 -17.7202 88.3596 421.03 -2409.37 421.03 17396.1
pear_4 -78.1685 -47.8658 -159.378 6469.11 -491.555 -1235.78 -491.555 1005.86 -94.1128 -1235.78 -94.1128 18721.5 49.4381 13.1414 78.0009 8240.36 225.041 -1895.34 225.041 320.531 682.345 -1895.34 682.345 18221
flashlight_1 -127.027 -45.6979 -115.728 29218.3 -301.164 -4378.4 -301.164 408.599 754.032 -4378.4 754.032 23080.7 145.842 54.3547 143.328 32086.6 -126.652 -7452.37 -126.652 1021.33 435.666 -7452.37 435.666 26085.5
flashlight_2 -127.962 -47.0461 -134.138 21429.6 -922.697 -1465.82 -922.697 2067.09 1993 -1465.82 1993 20415.9 99.1338 58.4259 121.752 18559 -21.9385 -713.669 -21.9385 4182.08 1337.99 -713.669 1337.99 17087.7
flashlight_3 -89.211 -55.9903 -88.1605 16438.3 -1170.25 -97.6074 -1170.25 1072.69 243.477 -97.6074 243.477 10639.9 188.897 53.5769 131.9 27446.5 -600.727 -8974.11 -600.727 1125.8 204.748 -8974.11 204.748 17640.9
cap_1 -120.969 -34.9666 -139.265 26754.2 -353.607 -6989.69 -353.607 1303.47 690.891 -6989.69 690.891 28939.2 97.8459 51.0215 128.328 22179.1 -1058.51 -5278.13 -1058.51 1571.3 2464.96 -5278.13 2464.96 27506.7
cap_2 -119.222 -30.3696 -107.624 20911 19.5525 -4291.31 19.5525 295.052 259.56 -4291.31 259.56 17348 81.6359 48.5606 117.763 14580.4 -830.359 -2926.42 -830.359 1519.54 1530.49 -2926.42 1530.49 19477.1
food_box_1 -127.046 -92.768 -113.511 16329 219.104 -2156.48 219.104 2061.52 -145.018 -2156.48 -145.018 15245.3 140.704 69.2571 153.138 22130.2 -128.433 -8650.85 -128.433 2632.88 -113.78 -8650.85 -113.78 20647.6
food_box_10 -125.391 -60.6404 -103.428 23421.9 441.53 -2406.25 441.53 260.034 -32.333 -2406.25 -32.333 17647.5 138.496 65.0777 148.18 24620 -21.1309 -6677.43 -21.1309 551.203 340.078 -6677.43 340.078 22602.7
food_box_11 -115.422 -76.0918 -119.791 14495.3 -233.729 -1832.67 -233.729 1251.82 -767.665 -1832.67 -767.665 22232.8 110.815 73.1985 192.395 16908.6 -857.643 -5488.79 -857.643 1784.67 834.245 -5488.79 834.245 28118.7
food_box_12 -118.66 -71.4511 -131.914 15863.7 -1693.76 -1780.58 -1693.76 3882.58 -70.2314 -1780.58 -70.2314 16391.9 112.654 71.808 150.611 16568.6 -1830.65 -3034.62 -1830.65 4166.63 301.397 -3034.62 301.397 18032.5
food_box_2 -111.015 -70.2403 -111.362 14981.6 -1060.17 -358.717 -1060.17 2579.3 -1943.14 -358.717 -1943.14 17786 95.4918 63.5189 175.188 14395.1 -450.562 -2646.72 -450.562 3136.55 -1586.33 -2646.72 -1586.33 21904.8
food_box_3 -102.212 -59.7452 -111.617 17177.9 -598.114 -1966.16 -598.114 724.595 -42.5991 -1966.16 -42.5991 16237.3 142.052 47.673 137.009 24986.7 -1096.06 -7733.25 -1096.06 644.234 745.198 -7733.25 745.198 20229.5
food_box_4 -132.689 -94.7724 -133.771 11409.2 -778.476 -1019.73 -778.476 2453.55 1165.2 -1019.73 1165.2 21883.9 86.8124 71.4856 181.681 8760.11 -248.536 -1480.21 -248.536 2164.75 876.743 -1480.21 876.743 25993.5
food_box_5 -99.7487 -75.7964 -117.034 11191.3 -1008.92 -1375.08 -1008.92 4283.04 160.66 -1375.08 160.66 15793.9 107.991 70.1498 157.312 13481.6 -764.851 -3696.73 -764.851 4376.91 1274.65 -3696.73 1274.65 18156.3
lime_1 -59.2686 -37.111 -59.5203 7186.26 40.1194 -817.972 40.1194 526.613 428.236 -817.972 428.236 9335.44 102.283 37.0502 137.735 15692.2 -354.953 -7743.32 -354.953 382.911 949.064 -7743.32 949.064 16373.2
lime_2 -62.9615 -31.432 -79.9102 5809.98 -593.166 -1750.29 -593.166 1298.81 1380.77 -1750.29 1380.77 12578.2 70.1127 47.1939 142.53 7679.76 -285.194 -3575.29 -285.194 740.145 836.66 -3575.29 836.66 16718.9
soda_can_1 -104.479 -66.0262 -98.437 18969.6 -897.519 -470.425 -897.519 1024.29 442.472 -470.425 442.472 14662.1 174.728 67.3651 188.328 29606.4 -1211.8 -11519.3 -1211.8 1853.63 481.085 -11519.3 481.085 26007.4
soda_can_2 -149.647 -70.7637 -124.579 29506 -369.122 -3380.87 -369.122 844.479 -422.158 -3380.87 -422.158 17425.6 169.267 80.0638 137.518 32996.1 -563.364 -6606.99 -563.364 1051.08 954.103 -6606.99 954.103 19197.7
soda_can_3 -157.118 -64.9505 -121.502 32141.2 -431.364 -3698.86 -431.364 610.756 316.681 -3698.86 316.681 21680.4 142.088 72.0389 169.942 30215.4 -1055.01 -6967.73 -1055.01 1305.4 1673.42 -6967.73 1673.42 27892.4
soda_can_4 -137.009 -45.6548 -119.203 26941.4 -666.981 -4986.25 -666.981 509.006 448.779 -4986.25 448.779 20321.6 115.532 43.0428 116.45 25812 53.355 -4282.14 53.355 585.714 665.584 -4282.14 665.584 21212
orange_1 -92.2639 -59.0704 -103.907 17164.5 -2804.34 -2737.76 -2804.34 2676.41 1544.22 -2737.76 1544.22 19303.6 99.1847 17.8694 139.576 24227.3 -921.696 -10540.5 -921.696 454.335 901.575 -10540.5 901.575 27574.2
orange_2 -87.8235 -54.3234 -152.922 20304.6 -3935.33 -7339.01 -3935.33 3106.03 4536.97 -7339.01 4536.97 23674.3 95.127 22.1368 86.8882 21255.1 -1323.33 -4807.78 -1323.33 1023.65 1627.21 -4807.78 1627.21 21369.3
garlic_1 -88.0004 -23.5658 -73.334 18556.1 244.486 -3231.49 244.486 577.082 -229.413 -3231.49 -229.413 13281.5 116.787 32.2719 104.527 21976.4 -1179.7 -7454.29 -1179.7 877.341 1119.08 -7454.29 1119.08 17511.3
garlic_2 -65.1528 -20.2415 -74.6461 15943 405.327 -2677.33 405.327 536.465 -664.542 -2677.33 -664.542 13196.3 162.44 21.2035 75.0752 25673 -2528.23 -7090.92 -2528.23 1284.7 1385.02 -7090.92 1385.02 13250
garlic_3 -72.5484 -13.5881 -80.4847 16961.6 774.743 -3644.53 774.743 414.841 -790.933 -3644.53 -790.933 16085.8 141.652 39.695 86.5884 23508.7 165.213 -7140.07 165.213 993.4 -617.332 -7140.07 -617.332 16363
garlic_4 -96.5889 -39.8745 -85.5355 17959.6 -878.905 -3293.95 -878.905 752.004 -604.072 -3293.95 -604.072 14723 99.3281 24.4293 109.893 19467 544.116 -7143.76 544.116 558.867 -1208.57 -7143.76 -1208.57 19398.7
garlic_5 -101.327 -40.6671 -75.656 19574.4 -1203.93 -3042.13 -1203.93 910.454 -697.048 -3042.13 -697.048 13625.7 98.5316 23.2751 121.215 19974 303.286 -7445.88 303.286 537.362 -1184.97 -7445.88 -1184.97 19918.2
coffee_mug_1 -127.077 -38.5757 -127.196 20195.1 95.4136 -4657.48 95.4136 922.705 -436.324 -4657.48 -436.324 26909.3 70.1793 42.9294 114.522 15672.3 -293.278 -1491 -293.278 1413.92 -7.81787 -1491 -7.81787 21676.5
coffee_mug_2 -101.461 -39.7518 -105.552 17152 -623.645 -2926.99 -623.645 341.641 621.902 -2926.99 621.902 17836.8 94.0975 43.8617 131.706 16937.2 -675.308 -4121.45 -675.308 1339.36 590.682 -4121.45 590.682 20225.3
coffee_mug_3 -129.708 -29.337 -104.484 26570.6 -278.419 -4712.03 -278.419 604.694 368.21 -4712.03 368.21 19176 96.785 40.9127 104.59 21069.7 -250.342 -3441.06 -250.342 756.393 525.666 -3441.06 525.666 20447.5
coffee_mug_4 -92.7518 -44.3873 -99.0509 19606.8 -646.051 -1799.8 -646.051 2023.7 1017.39 -1799.8 1017.39 16512.9 147.751 47.3982 115.2 25398.9 278.351 -7488.43 278.351 1532.24 410.052 -7488.43 410.052 20055.5
coffee_mug_5 -125.585 -15.4915 -80.679 30027.4 -462.453 -1645.79 -462.453 1519.99 2826.34 -1645.79 2826.34 19671.2 110.274 30.6 123.351 31253 -629.551 -6418.73 -629.551 1391.7 2563.91 -6418.73 2563.91 29979.8
mushroom_1 -113.214 -17.6855 -98.7501 29383.6 584.665 -7104.93 584.665 873.159 -1040.14 -7104.93 -1040.14 24022 128.076 35.2949 88.6853 31147.9 -1422.11 -7530.21 -1422.11 1277.81 816.896 -7530.21 816.896 21409.3
mushroom_2 -121.101 -33.5151 -111.523 24081.1 -437.021 -6167.68 -437.021 185.984 -43.9045 -6167.68 -43.9045 19425 104.012 39.9181 116.312 20197.6 -871.889 -4422.78 -871.889 859.955 76.4644 -4422.78 76.4644 19023.2
lightbulb_1 -95.576 -19.3778 -93.7751 29155.7 326.795 -4565.95 326.795 1403.5 87.8521 -4565.95 87.8521 25575.1 148.86 42.8524 140.944 38489.8 -2542.17 -14377.6 -2542.17 1635.23 2795.95 -14377.6 2795.95 35718.8
lightbulb_2 -104.344 -13.8166 -56.8657 32589 164.571 185.271 164.571 1157.04 1388.95 185.271 1388.95 16351.2 134.671 51.8587 195.096 36286.2 -1666.72 -15661.6 -1666.72 1387.93 3630.6 -15661.6 3630.6 40347.9
food_can_1 -113.326 -63.0905 -85.9754 27073.2 -605.76 -102.846 -605.76 486.459 264.643 -102.846 264.643 13242.4 222.531 70.0535 149.633 39328.6 407.694 -13545.3 407.694 742.468 444.979 -13545.3 444.979 24902.1
food_can_10 -149.342 -62.3979 -111.211 27041 -334.663 -3503.82 -334.663 796.292 68.3428 -3503.82 68.3428 17517.3 118.331 55.3831 138.61 21778.2 -340.288 -3242.16 -340.288 500.578 -3.92334 -3242.16 -3.92334 19952.8
food_can_11 -121.987 -57.5985 -101.773 22718.2 171.223 -3037.09 171.223 407.733 -489.904 -3037.09 -489.904 20339.2 123.799 55.1998 159.722 24098 246.749 -7954.52 246.749 672.131 416.965 -7954.52 416.965 26978.7
food_can_12 -155.368 -49.3457 -107.56 28180.1 -280.686 -4836.19 -280.686 347.454 -249.092 -4836.19 -249.092 17431.1 112.182 58.4915 135.975 23279.3 -120.388 -4574.36 -120.388 751.943 974.288 -4574.36 974.288 22209.4
food_can_13 -82.9117 -52.2787 -75.7478 15870.3 -851.452 -183.725 -851.452 373.913 329.097 -183.725 329.097 9930.96 212.177 57.222 128.293 30835.2 576.126 -11392.2 576.126 512.581 -164.33 -11392.2 -164.33 19116.3
food_can_14 -119.584 -47.3493 -104.352 25644.5 -465.812 -3200.69 -465.812 169.886 162.794 -3200.69 162.794 18763.9 163.202 59.3419 128.049 30786 249.552 -7331 249.552 551.956 -145.521 -7331 -145.521 21015.5
food_can_2 -106.796 -58.4921 -120.704 19861.6 -272.202 -2350.26 -272.202 1000.31 -828.322 -2350.26 -828.322 21305.5 132.159 58.1412 160.8 26145.5 -808.564 -7079.13 -808.564 1691.75 575.27 -7079.13 575.27 27087.6
food_can_3 -116.859 -50.4313 -111.606 27882.4 -271.406 -2806.22 -271.406 387.552 337.976 -2806.22 337.976 22233.2 181.171 62.4586 143.148 36158.9 -197.981 -9083.88 -197.981 886.259 103.01 -9083.88 103.01 25166.9
food_can_4 -110.046 -59.8867 -90.2061 25517.6 -495.294 -1119.24 -495.294 560.061 -90.8862 -1119.24 -90.8862 15032 198.59 66.4806 159.746 37055.8 126.829 -13095.6 126.829 732.835 477.724 -13095.6 477.724 26904.6
food_can_5 -105.395 -54.3762 -97.757 24044.7 -970.225 -1548.96 -970.225 560.062 457.048 -1548.96 457.048 16878.2 193.352 60.9455 137.099 35760.4 434.526 -11017.1 434.526 681.001 -94.8271 -11017.1 -94.8271 23196.2
pitcher_1 -117.914 -43.3555 -97.8522 28304.4 -503.524 -5712.8 -503.524 1355.21 1407.81 -5712.8 1407.81 20494.8 140.57 34.2682 116.778 33082.3 -445.153 -10539.2 -445.153 879.682 988.163 -10539.2 988.163 26366.3
pitcher_2 -114.906 -29.7921 -98.7567 27007.2 -200.918 -3662.36 -200.918 177.144 -43.4573 -3662.36 -43.4573 21086.8 118.638 48.9373 151.207 24206 -831.217 -7126.1 -831.217 1106.39 698.94 -7126.1 698.94 28746.3
food_bag_1 -104.75 -58.0817 -132.759 15320.5 -668.367 -2139.49 -668.367 2755.8 -441.033 -2139.49 -441.033 17494.9 141.888 78.5773 157.139 17167.6 -2702.92 -1477.58 -2702.92 5915.87 -1096.29 -1477.58 -1096.29 17218.1
food_bag_2 -147.366 -94.8529 -149.221 22363.3 -490.862 -4475.56 -490.862 2788.33 -2198.17 -4475.56 -2198.17 26625 134.715 80.5878 188.065 24042.7 -588.998 -7452.55 -588.998 3759.83 -2966.51 -7452.55 -2966.51 31121.7
food_bag_3 -133.455 -60.8686 -131.417 22151.2 247.699 -211.357 247.699 2601.95 83.4282 -211.357 83.4282 22500.7 139.322 101.217 193.76 22620 -2639.89 -3494.72 -2639.89 6054.08 2123.13 -3494.72 2123.13 26279.4
food_bag_4 -172.932 -99.4233 -173.587 18934.9 -1935.08 421.836 -1935.08 7189.14 -1281.13 421.836 -1281.13 19960.4 135.039 107.898 170.851 16792.4 -899.964 -590.381 -899.964 7379.26 -822.783 -590.381 -822.783 19778.9
food_bag_5 -146.522 -98.5994 -154.011 18892.5 -1720.62 -3315.29 -1720.62 5176.43 -422.657 -3315.29 -422.657 23769.9 128.297 75.7628 187.345 20672.9 -743.53 -4461.16 -743.53 5134.44 -2063.88 -4461.16 -2063.88 25940.8
rubber_eraser_1 -53.3149 -60.3239 -36.5883 5632.17 -375.329 299.08 -375.329 148.804 -54.7002 299.08 -54.7002 2130.25 175.943 67.9652 194.472 24258.2 -379.212 -19228.1 -379.212 258.049 477.954 -19228.1 477.954 21436.8
rubber_eraser_2 -58.7135 -39.5077 -44.5854 9544.2 -265.006 56.5547 -265.006 79.8083 54.4545 56.5547 54.4545 4779.09 193.496 58.2503 119.235 20728 351.213 -11476 351.213 399.074 -108.71 -11476 -108.71 15360
camera_1 -85.7527 -31.963 -72.253 15285.4 -127.755 -1874.84 -127.755 225.605 238.685 -1874.84 238.685 11381.9 127.442 37.4098 112.568 19248.7 -229.363 -6107.78 -229.363 478.197 25.6128 -6107.78 25.6128 15890.2
camera_2 -116.734 -51.8558 -98.5369 20403.5 -611.648 -3359.37 -611.648 931.548 702.176 -3359.37 702.176 17231.7 116.442 43.9728 144.332 23300.8 -217.618 -6717.69 -217.618 536.448 1039.5 -6717.69 1039.5 23788.4
food_cup_1 -95.9595 -64.3607 -91.2495 19713.3 -813.2 -6.54102 -813.2 627.641 277.312 -6.54102 277.312 16061.8 192.625 65.3422 170.925 35503 -135.353 -14839.4 -135.353 629.289 845.996 -14839.4 845.996 28794.5
food_cup_2 -125.507 -60.4409 -104.557 27932.1 -349.616 -2292.21 -349.616 683.232 97.4692 -2292.21 97.4692 18701.8 177.071 60.7922 144.68 35726 104.649 -10281.5 104.649 807.35 379.489 -10281.5 379.489 26239.9
food_cup_3 -139.99 -56.1422 -111.947 29933.9 -400.903 -4530.99 -400.903 588.848 -264.45 -4530.99 -264.45 21590.5 140.913 57.4414 150.141 31727.8 -108.428 -8299.27 -108.428 1007.94 428.366 -8299.27 428.366 26796.3
onion_1 -88.9052 -11.4662 -80.3929 20961 836.803 -4259.37 836.803 421.605 -374.598 -4259.37 -374.598 18207.6 113.804 39.2959 108.586 22027.8 -1291.3 -5367.87 -1291.3 986.864 1185.97 -5367.87 1185.97 19014.2
onion_2 -79.2537 -13.8642 -67.0533 19917.2 925.57 -2896.23 925.57 454.738 -411.377 -2896.23 -411.377 15482.2 130.14 38.398 122.581 24719.9 -1433.45 -8129.8 -1433.45 1063.83 1675.26 -8129.8 1675.26 20365.6
onion_3 -103.729 -27.5652 -96.2208 22070.7 -948.864 -4018.01 -948.864 1222.3 475.231 -4018.01 475.231 16401.6 123.371 30.3674 85.161 24979.1 -1197.86 -5358.02 -1197.86 859.754 633.075 -5358.02 633.075 17376.2
onion_4 -118.668 -38.9589 -97.9664 21926.1 -274.008 -5171.63 -274.008 586.072 -136.191 -5171.63 -136.191 16208.5 118.295 28.4945 87.1192 24256.7 -834.615 -6196.32 -834.615 726.813 376.679 -6196.32 376.679 16034.4
tomato_1 -94.6986 -27.7044 -87.9768 7368.17 -651.885 -520.78 -651.885 1256.21 -105.361 -520.78 -105.361 18684.5 35.7831 26.5387 118.259 4742.19 -182.777 13.9473 -182.777 1679.38 -505.647 13.9473 -505.647 17492.9
tomato_2 -98.5036 -34.0936 -58.1106 11869.3 -1153.73 -823.073 -1153.73 1018.03 -343.719 -823.073 -343.719 10708.4 38.9419 22.0636 111.762 8223.83 8.73779 -1426.74 8.73779 310.096 -346.662 -1426.74 -346.662 13716
tomato_3 -117.979 -41.0203 -63.4758 8723.61 322.664 -2265.34 322.664 1017.98 548.825 -2265.34 548.825 12288.9 30.3387 27.3859 146.89 4416.77 30.8458 -1063.68 30.8458 783.475 47.6436 -1063.68 47.6436 19468.6
tomato_4 -103.384 -56.9622 -103.183 7328.83 -80.7339 -3244.79 -80.7339 1930.71 1462.18 -3244.79 1462.18 19777 30.5087 29.7716 120.893 2104.46 63.2918 420.374 63.2918 859.505 323.65 420.374 323.65 19409.1
tomato_5 -143.189 -45.2081 -44.1705 14959 -685.08 -1807.48 -685.08 845.146 -110.359 -1807.48 -110.359 7447.06 41.5835 22.0395 111.613 10049.7 346.103 -1168.87 346.103 497.619 -335.398 -1168.87 -335.398 10219.5
dry_battery_1 -91.9542 -67.3427 -146.057 10645.2 -973.454 -2108.73 -973.454 1928.56 371.098 -2108.73 371.098 19190 67.345 28.0858 104.092 10573.1 253.143 -2028.92 253.143 544.934 483.314 -2028.92 483.314 18611.5
dry_battery_2 -77.1346 -49.9062 -113.947 10078.5 -995.391 -1328.24 -995.391 1792.55 532.327 -1328.24 532.327 13803.2 80.3 42.2817 89.5545 11508 -334.735 -2080.02 -334.735 2488.37 102.853 -2080.02 102.853 12498.4
dry_battery_3 -90.8612 -37.228 -83.8166 12195 -775.571 -2301.04 -775.571 899.523 719.894 -2301.04 719.894 9527.89 102.987 31.7151 74.3502 15576.8 -612.652 -2884.03 -612.652 644.409 789.889 -2884.03 789.889 9970.21
dry_battery_4 -113.581 -39.3509 -77.58 17524.4 -1130.42 -2494.79 -1130.42 690.928 -53.5432 -2494.79 -53.5432 9986.71 95.9784 24.3548 110.376 18496.7 -231.171 -4838.5 -231.171 413.295 337.208 -4838.5 337.208 14113.2
lemon_1 -85.3138 -71.7333 -145.279 10173.6 -1811.05 -1589.6 -1811.05 5539.1 336.563 -1589.6 336.563 22662.9 58.9129 42.4565 94.8695 8143.84 216.512 -190.782 216.512 3144.28 -510.803 -190.782 -510.803 21936.1
lemon_2 -92.9577 -81.9558 -129.355 12505.2 -3351.77 2922.01 -3351.77 6411.57 -2779.77 2922.01 -2779.77 20397.3 53.7409 42.3544 115.136 7148.02 370.835 2106.79 370.835 3342.8 -1482.73 2106.79 -1482.73 20839.8
lemon_3 -66.1164 -64.7472 -146.026 8615.85 -2678.56 335.472 -2678.56 6733.02 1252.57 335.472 1252.57 22948.5 56.5389 56.8902 115.598 5245.28 388.424 521.798 388.424 3613.87 718.31 521.798 718.31 24576
lemon_4 -52.6557 -58.6123 -123.782 5282.43 -783.276 -1587.95 -783.276 3796.04 1203.2 -1587.95 1203.2 15687 42.1528 33.9722 74.1084 3402.71 339.673 58.8657 339.673 2667.3 893.688 58.8657 893.688 15947
pliers_1 -94.3263 -38.3732 -67.6634 18857.9 -388.687 -1281.98 -388.687 219.342 299.598 -1281.98 299.598 9477.91 172.033 40.6053 107.482 26013.4 -50.1113 -7245.78 -50.1113 573.679 81.439 -7245.78 81.439 15120.5
pliers_2 -89.1846 -28.7691 -77.305 16028.7 -208.532 -2378.08 -208.532 193.469 198.243 -2378.08 198.243 13175.1 100.054 36.9581 116.54 17363.8 -127.713 -4690.26 -127.713 510.068 328.902 -4690.26 328.902 17301.6
pliers_3 -85.9454 -34.9122 -75.8921 17830.8 -162.811 -763.692 -162.811 191.465 28.1692 -763.692 28.1692 12112.6 144.659 42.6673 126.961 24252.1 -1384.33 -7497.48 -1384.33 634.65 1713.16 -7497.48 1713.16 17131.2
pliers_4 -107.528 -31.6212 -97.2783 20329.8 -113.308 -4754.68 -113.308 648.945 -53.2957 -4754.68 -53.2957 17291.7 103.061 33.8701 91.7514 20655.6 -311.52 -4673.41 -311.52 607.787 261.991 -4673.41 261.991 16898.4
calculator_1 -144.204 -60.2061 -111.269 29953.7 -1015.65 -4265.8 -1015.65 1015.49 -34.9033 -4265.8 -34.9033 19291.7 156.14 48.5363 142.544 34941.6 -524.717 -9364.08 -524.717 701.364 538.551 -9364.08 538.551 24701.1
calculator_2 -114.909 -55.9909 -97.9226 14965.9 -998.019 -982.016 -998.019 998.758 -244.291 -982.016 -244.291 14786.1 84.3883 39.1859 152.149 14254.4 -488.57 -4320.31 -488.57 1260.01 1383.06 -4320.31 1383.06 18558.6
calculator_3 -154.17 -49.4285 -112.428 28536.2 -594.689 -4712.92 -594.689 445.188 280.91 -4712.92 280.91 18083.9 127.353 48.3508 130.791 27140.8 -706.259 -5378.05 -706.259 543.373 513.29 -5378.05 513.29 22010.6
bell_pepper_1 -132.14 -64.6628 -77.6101 12964.1 1620.01 -1778.79 1620.01 2684.46 106.881 -1778.79 106.881 10618.7 33.5542 45.2373 104.779 3267.66 -69.8433 677.791 -69.8433 1920.84 264.725 677.791 264.725 13344.5
bell_pepper_2 -73.268 -35.881 -115.408 4087.54 -318.381 -1651.26 -318.381 2002.41 653.066 -1651.26 653.066 16973.1 47.4669 42.3176 108.828 2436.41 -74.7004 -1048.26 -74.7004 1670 1254.39 -1048.26 1254.39 19170.5
bell_pepper_3 -81.3276 -42.1998 -72.3742 9718.93 -344.727 -2125.92 -344.727 450.142 -153.663 -2125.92 -153.663 10831.9 66.8892 33.2033 107.345 9955.7 369.972 -2957.31 369.972 453.154 -548.167 -2957.31 -548.167 12809.1
bell_pepper_4 -74.1604 -44.5839 -78.2434 8139.93 -318.437 -1179.44 -318.437 764.624 -250.668 -1179.44 -250.668 11894.6 59.1823 31.9977 107.678 7679.21 513.929 -1505.57 513.929 476.341 -600.586 -1505.57 -600.586 13398.1
sponge_1 -49.1099 -62.8771 -71.1213 9255.56 -1593.62 -3535.1 -1593.62 3437.13 1900.71 -3535.1 1900.71 23481.2 87.5459 15.089 167.411 19679.8 -1109.64 -12841.7 -1109.64 1318.88 77.4902 -12841.7 77.4902 31185.9
sponge_10 -29.1924 2.42482 -99.0421 9541.94 -1999.97 -1681.36 -1999.97 4971.72 1139.23 -1681.36 1139.23 10800.6 180.726 76.8224 115.894 15275.6 460.079 -5800.53 460.079 1916.88 -798.475 -5800.53 -798.475 15833.2
sponge_11 -42.0239 -41.6019 -60.2874 4784.83 -82.6664 390.918 -82.6664 208.453 -440.817 390.918 -440.817 7693.54 133.178 52.3495 171.999 18314.7 -2747.86 -11246 -2747.86 939.735 2676.31 -11246 2676.31 15956.8
sponge_12 -43.5311 -56.7209 -48.7703 4220.18 -546.24 206.019 -546.24 447.527 -154.291 206.019 -154.291 3722.86 221.024 56.6492 120.031 18198.9 -716.144 -11907 -716.144 583.29 301.163 -11907 301.163 13684.2
sponge_2 -62.4732 -32.3877 -120.086 9920.48 -2.65735 -3634.33 -2.65735 1363.02 1979.48 -3634.33 1979.48 18866 125.191 59.9766 124.646 15422.1 -1336.53 -5603.34 -1336.53 1447.5 809.36 -5603.34 809.36 20016.5
sponge_3 -36.6577 -35.2071 -41.4782 5355.72 -108.89 -120.085 -108.89 505.115 -122.236 -120.085 -122.236 2355.8 187.087 40.4995 177.658 24738.4 -2557.61 -17189.2 -2557.61 776.12 1964.5 -17189.2 1964.5 18240.2
sponge_4 -52.3003 -26.9059 -75.0936 10199.5 414.715 -129.018 414.715 158.122 92.5431 -129.018 92.5431 14529.5 161.626 48.6041 119.804 25859.5 -358.974 -8412.85 -358.974 534.675 -207.38 -8412.85 -207.38 19401.1
sponge_5 -88.0716 -40.5473 -91.9619 13174.2 -497.991 -1589.9 -497.991 2475.53 -1314.38 -1589.9 -1314.38 11514.3 130.201 51.9853 142.05 15436.6 -145.115 -3585.49 -145.115 2105.88 -1806.47 -3585.49 -1806.47 15467
water_bottle_1 -84.0114 -61.3055 -85.6282 11177.6 -896.785 -1925.83 -896.785 1267.59 914.034 -1925.83 914.034 13371.1 148.471 55.9489 200.847 25726.2 -2948.02 -13005.8 -2948.02 870.31 2161.76 -13005.8 2161.76 25346.4
water_bottle_10 -92.7707 -51.5956 -73.7325 14777 -424.701 -400.588 -424.701 816.701 -412.09 -400.588 -412.09 12094.1 92.3799 39.6075 139.15 16535.8 -580.87 -5116.12 -580.87 1208.84 1389.83 -5116.12 1389.83 19918
water_bottle_2 -69.3816 -48.9692 -87.2172 14897.3 -803.157 -140.333 -803.157 827.399 436.731 -140.333 436.731 10375.1 238.259 44.2445 129.903 29610.8 -929.408 -10947.8 -929.408 798.491 58.5859 -10947.8 58.5859 19037
water_bottle_3 -74.5737 -57.4181 -62.4928 16116.9 -816.241 638.933 -816.241 504.116 2.79468 638.933 2.79468 5011.28 254.115 56.3918 109.613 25896.4 493.679 -9723.8 493.679 502.892 -424.81 -9723.8 -424.81 14440.7
water_bottle_4 -107.298 -58.2532 -107.973 16869.8 -524.19 -1493.75 -524.19 465.431 772.886 -1493.75 772.886 12579.5 153.37 53.6498 116.252 21871 -579.487 -3167.81 -579.487 768.921 -453.081 -3167.81 -453.081 12907.4
water_bottle_5 -97.5393 -53.7857 -95.4109 16979.4 -1430.35 -1195.51 -1430.35 1637.37 471.531 -1195.51 471.531 12221 160.72 54.7527 149.59 24361.4 -813.722 -6268.17 -813.722 1608.44 -679.382 -6268.17 -679.382 17542.8
apple_1 -85.4073 -28.3931 -105.924 14401.6 -247.345 -3915.42 -247.345 223.775 -34.9534 -3915.42 -34.9534 15447.5 107.003 39.8678 65.3585 17388.3 319.478 -2000.18 319.478 684.706 -748.28 -2000.18 -748.28 8782.13
apple_2 -92.8167 -46.9488 -89.7151 12372.5 -1241.57 -1597.01 -1241.57 1417.14 -1112.29 -1597.01 -1112.29 12440 72.6323 24.8866 118.83 12745.4 286.693 -3502.69 286.693 428.124 -1043.35 -3502.69 -1043.35 16973.3
apple_3 -73.2885 -63.69 -126.997 7809.84 -881.608 -1175.76 -881.608 2160.31 892.804 -1175.76 892.804 18016.4 78.6244 23.3802 94.1771 10897.4 -723.482 -2254.81 -723.482 1455.02 537.802 -2254.81 537.802 17091.7
banana_1 -99.7874 -44.0739 -118.578 19695.6 -2248.22 -4968.84 -2248.22 1800.89 2703.34 -4968.84 2703.34 19217.9 125.047 44.4268 107.158 23119.8 -978.474 -6045.64 -978.474 685.809 1215.5 -6045.64 1215.5 19807.8
banana_2 -96.2496 -45.1419 -124.765 18325.7 -2011.95 -4279.19 -2011.95 1985.02 3009.69 -4279.19 3009.69 19265.8 128.02 45.1277 102.113 22238.2 -807.353 -4347.73 -807.353 710.267 1151.6 -4347.73 1151.6 17440.2
shampoo_1 -113.428 -33.4611 -109.356 26822 -375.158 -3617.29 -375.158 786.447 105.304 -3617.29 105.304 23575.2 108.869 58.2994 164.019 24613 -1358.23 -6834.06 -1358.23 1687.53 1747.9 -6834.06 1747.9 29582
shampoo_2 -97.5572 -26.6563 -73.5467 23483.1 50.3108 -2528.51 50.3108 1476.67 113.278 -2528.51 113.278 15698.3 134.539 46.1638 151.858 26792.4 -308.814 -9430.02 -308.814 1374.29 2019.93 -9430.02 2019.93 24832.3
shampoo_3 -57.7266 -40.568 -46.849 12677 78.5579 670.314 78.5579 467.301 504.287 670.314 504.287 7664.15 207.35 60.8597 187.819 33562.8 -259.81 -21022.1 -259.81 684.328 481.483 -21022.1 481.483 28755
shampoo_4 -62.0988 -52.6468 -58.9273 12070.4 -698.462 110.375 -698.462 678.44 -276.198 110.375 -276.198 9253.21 165.564 61.7232 198.057 30219.2 -1262.9 -17697.7 -1262.9 794.123 1745.36 -17697.7 1745.36 27714
comb_1 -108.205 -29.0072 -78.6232 24274.8 -266.326 -2586.2 -266.326 246.041 125.144 -2586.2 125.144 16132.9 128.765 42.6543 142.417 28176.1 -478.064 -7988.69 -478.064 762.386 947.789 -7988.69 947.789 26033.4
comb_2 -85.9485 -29.0313 -60.5212 14564.6 -61.2893 -850.528 -61.2893 118.294 25.6509 -850.528 25.6509 8696.77 99.3106 42.0722 116.59 14072.5 -768.2 -4772.42 -768.2 431.135 1134.61 -4772.42 1134.61 13702.2
marker_1 -131.716 -53.1016 -132.03 25574.8 -1235.82 -2868.03 -1235.82 2097.28 1027.55 -2868.03 1027.55 21078.1 116.63 55.877 129.722 24522.6 -41.4121 -3120.8 -41.4121 2675.02 510.088 -3120.8 510.088 21893.7
marker_2 -124.545 -44.4624 -105.321 23825.1 -509.793 -3678.04 -509.793 123.867 203.046 -3678.04 203.046 16490.4 130.163 50.3399 129.537 23677.4 -1230.72 -4971.52 -1230.72 490.675 1015.15 -4971.52 1015.15 18328.4
marker_3 -112.264 -35.2195 -106.15 24441 -420.912 -4664.11 -420.912 132.782 227.485 -4664.11 227.485 19761.1 134.663 51.6966 131.182 26320.6 -1282.14 -6526.35 -1282.14 749.856 903.045 -6526.35 903.045 21450.2
marker_4 -103.819 -38.1336 -90.2485 17275 -406.196 -2265.02 -406.196 142.456 -0.637695 -2265.02 -0.637695 12146.7 107.771 44.4565 123.382 16749.9 -1160.32 -4508.63 -1160.32 527.147 1362.43 -4508.63 1362.43 14254.4
marker_5 -70.2697 -52.6666 -57.2984 9474.92 -461.985 79.7275 -461.985 170.796 60.6423 79.7275 60.6423 5644.34 184.784 59.0757 119.847 18487 255.844 -9144.37 255.844 230.905 -150.482 -9144.37 -150.482 13387.7
marker_6 -94.5954 -32.4041 -73.575 16376.3 -241.615 -1903.31 -241.615 176.363 48.3267 -1903.31 48.3267 10416.2 120.665 42.0471 111.028 19075.1 -444.251 -5444.77 -444.251 491.385 614.368 -5444.77 614.368 14196.6
scissors_1 -93.1912 -48.9594 -115.985 12176.4 -1915.88 -3244.07 -1915.88 2868.75 1324.05 -3244.07 1324.05 19193.4 89.8375 38.8991 147.309 14690 -1324.75 -5532.74 -1324.75 1979.6 42.5049 -5532.74 42.5049 22733.2
scissors_2 -83.8159 -51.5327 -64.5354 10921.4 -1465.02 -303.301 -1465.02 2521.9 -434.473 -303.301 -434.473 15727.5 82.5718 32.0738 181.398 16240.1 -566.097 -5890.12 -566.097 1470.87 -856.984 -5890.12 -856.984 22971.1
ball_1 -95.1523 -34.9114 -110.624 19389.1 -455.155 -4119.76 -455.155 323.88 451.978 -4119.76 451.978 18286.4 132.764 43.2382 113.04 24613.3 -855.651 -5922.18 -855.651 769.342 87.0781 -5922.18 87.0781 17997.3
ball_2 -131.853 -45.4115 -116.01 28160.4 -684.896 -5114.84 -684.896 264.131 -55.5195 -5114.84 -55.5195 21016.1 142.886 58.3168 129.845 30663 -346.313 -6521.3 -346.313 697.349 909.677 -6521.3 909.677 23020.9
ball_3 -40.6602 -9.24245 -25.9408 13804 566.74 515.668 566.74 253.431 64.9509 515.668 64.9509 9929.3 149.455 53.4097 258.147 32943.1 -3147.85 -20764.7 -3147.85 1315.24 2920.68 -20764.7 2920.68 32800.5
ball_4 -100.675 -69.3382 -88.8315 19547.2 -2651.06 3.8252 -2651.06 2848.45 -1795.09 3.8252 -1795.09 15224.7 107.447 29.6029 175.779 21989.8 763.332 -9448.41 763.332 542.427 -1473.63 -9448.41 -1473.63 26282.1
ball_5 -102.29 -53.4755 -109.498 19363.5 -1555.63 -4552.13 -1555.63 2064.08 -2955.97 -4552.13 -2955.97 20934.9 99.1246 31.0926 143.413 22249.3 -531.209 -9678.24 -531.209 1912.88 -2520.42 -9678.24 -2520.42 24754.6
potato_1 -94.6139 -35.0336 -46.0702 16248.8 -1050.21 -1558.93 -1050.21 713.335 -175.351 -1558.93 -175.351 8682.79 62.5799 12.2426 112.8 13064.9 218.739 -3956.09 218.739 83.035 -519.076 -3956.09 -519.076 15291.9
potato_2 -85.726 -35.5561 -49.4221 14576.3 -996.976 -829.767 -996.976 509.19 -561.046 -829.767 -561.046 10537.5 59.4278 13.9113 128.989 12453.6 121.079 -4438.19 121.079 161.239 -670.139 -4438.19 -670.139 17917
potato_3 -36.1229 -40.1672 -72.0809 8945.68 -1155.55 -944.437 -1155.55 1280.97 438.915 -944.437 438.915 10096.6 126.536 9.6383 91.0746 19653.8 -2383.06 -8102.65 -2383.06 883.939 1735.38 -8102.65 1735.38 15476.8
potato_4 -55.8487 -39.1702 -79.7772 10390.5 -1284.96 -946.335 -1284.96 1148.72 658.215 -946.335 658.215 10932.3 102.346 9.02026 80.3034 16800.5 -1603.97 -5409.39 -1603.97 756.527 1621.08 -5409.39 1621.08 13313.6
