toothpaste_1 0.1553 0.0473936 0.0250389 0.000190374 1.28131e-05 5.26579e-05 1.28131e-05 3.16978e-05 1.70548e-07 5.26579e-05 1.70548e-07 3.17195e-05
toothpaste_2 0.175426 0.0503466 0.0310143 0.000104751 3.8268e-05 3.91915e-05 3.8268e-05 7.71405e-05 3.08733e-06 3.91915e-05 3.08733e-06 5.63308e-05
toothpaste_3 0.196788 0.0454941 0.0255889 0.000214882 2.22428e-05 5.55338e-05 2.22428e-05 4.34837e-05 8.53685e-06 5.55338e-05 8.53685e-06 3.09449e-05
cell_phone_1 0.110665 0.0498101 0.0127163 0.000106163 1.09971e-05 2.06986e-07 1.09971e-05 3.05565e-05 -1.47184e-06 2.06986e-07 -1.47184e-06 3.23015e-06
cell_phone_2 0.0952977 0.0407075 0.0175069 0.000332002 6.68219e-05 4.48843e-05 6.68219e-05 7.2816e-05 1.67214e-05 4.48843e-05 1.67214e-05 1.22819e-05
cell_phone_3 0.0852556 0.0432217 0.0244241 0.000145714 8.29576e-06 3.01367e-05 8.29576e-06 3.20387e-05 6.82124e-06 3.01367e-05 6.82124e-06 1.76923e-05
plate_1 0.300608 0.285974 0.032231 4.59999e-05 5.18933e-05 -5.38211e-06 5.18933e-05 0.000205748 -4.14811e-06 -5.38211e-06 -4.14811e-06 1.83979e-05
plate_2 0.281002 0.268108 0.0257743 2.8722e-05 2.34991e-05 -2.93925e-06 2.34991e-05 0.000101164 -1.52038e-06 -2.93925e-06 -1.52038e-06 5.83025e-06
plate_3 0.217463 0.205407 0.0279139 1.52774e-05 1.74828e-05 1.95252e-06 1.74828e-05 0.000109099 1.13966e-05 1.95252e-06 1.13966e-05 9.42318e-06
plate_4 0.218489 0.210608 0.0298214 3.17842e-05 1.68011e-05 1.45426e-06 1.68011e-05 3.76925e-05 3.79933e-06 1.45426e-06 3.79933e-06 5.63095e-06
plate_5 0.148012 0.131208 0.0234831 5.50039e-06 3.32482e-06 1.80304e-06 3.32482e-06 0.000152927 3.21532e-05 1.80304e-06 3.21532e-05 1.18184e-05
keyboard_1 0.285195 0.136149 0.0171415 5.91278e-05 0.000105415 -9.70438e-07 0.000105415 0.000421055 7.01379e-06 -9.70438e-07 7.01379e-06 1.78903e-05
keyboard_2 0.43851 0.187126 0.0264424 0.000192508 0.000144415 -2.12137e-05 0.000144415 0.000973865 -3.11728e-05 -2.12137e-05 -3.11728e-05 3.88903e-05
keyboard_3 0.421591 0.138573 0.0213306 0.00407025 0.000283886 -2.49632e-05 0.000283886 0.000531971 -1.22802e-05 -2.49632e-05 -1.22802e-05 2.31086e-05
kleenex_1 0.167174 0.137609 0.106045 0.000518497 0.000202578 9.00775e-06 0.000202578 0.000270957 6.19153e-05 9.00775e-06 6.19153e-05 0.000397963
kleenex_2 0.166404 0.133423 0.109491 0.000374252 0.00013371 1.02669e-05 0.00013371 0.000262301 0.000184218 1.02669e-05 0.000184218 0.000422001
kleenex_3 0.235843 0.142461 0.0823543 8.12411e-05 7.17267e-05 9.32813e-06 7.17267e-05 0.000326229 1.19023e-05 9.32813e-06 1.19023e-05 0.000243416
binder_1 0.304063 0.26635 0.0416232 0.000236034 0.000281408 1.01048e-06 0.000281408 0.000413284 2.67802e-05 1.01048e-06 2.67802e-05 0.000177012
binder_2 0.305657 0.260336 0.0407553 0.000329338 0.000288613 -8.32789e-06 0.000288613 0.00184739 3.28524e-05 -8.32789e-06 3.28524e-05 0.000194074
glue_stick_1 0.0779771 0.0254996 0.0130192 4.59068e-05 3.82508e-05 1.99029e-05 3.82508e-05 8.89279e-05 2.32126e-05 1.99029e-05 2.32126e-05 1.55428e-05
glue_stick_2 0.081111 0.0280963 0.016199 3.98103e-05 2.02935e-05 1.76565e-05 2.02935e-05 7.15433e-05 1.56346e-05 1.76565e-05 1.56346e-05 1.60468e-05
glue_stick_3 0.0780677 0.0266089 0.0155729 0.000108687 5.82172e-05 2.61035e-05 5.82172e-05 7.05989e-05 2.11398e-05 2.61035e-05 2.11398e-05 2.04271e-05
glue_stick_4 0.0780237 0.0275813 0.0157258 7.34543e-05 4.39149e-05 2.2314e-05 4.39149e-05 7.83819e-05 1.91817e-05 2.2314e-05 1.91817e-05 1.85364e-05
food_jar_1 0.116319 0.0701421 0.0484705 7.52145e-05 4.47268e-05 4.71505e-05 4.47268e-05 0.000392152 0.000120859 4.71505e-05 0.000120859 9.73316e-05
food_jar_2 0.118279 0.0741773 0.0501439 9.96925e-05 6.28168e-05 3.79472e-05 6.28168e-05 0.000466321 0.000136439 3.79472e-05 0.000136439 6.82294e-05
food_jar_3 0.128103 0.0804871 0.0504033 0.000171367 0.000106561 0.000149854 0.000106561 0.000386377 0.000125049 0.000149854 0.000125049 0.000233945
food_jar_4 0.153358 0.0901447 0.0591716 3.63998e-05 -2.68295e-05 7.99075e-07 -2.68295e-05 0.000349727 0.000140899 7.99075e-07 0.000140899 0.000123356
peach_1 0.0627058 0.0590639 0.0235323 6.11274e-06 -1.18045e-06 3.55707e-06 -1.18045e-06 2.71364e-06 6.21425e-07 3.55707e-06 6.21425e-07 1.15311e-05
peach_2 0.0750426 0.0690937 0.0250697 8.12672e-06 -8.46572e-07 1.58406e-06 -8.46572e-07 8.20821e-06 -4.21924e-06 1.58406e-06 -4.21924e-06 1.29078e-05
bowl_1 0.206918 0.203457 0.0560937 9.23499e-06 4.20213e-06 4.787e-07 4.20213e-06 4.82798e-06 -1.75927e-06 4.787e-07 -1.75927e-06 1.43042e-05
bowl_2 0.190712 0.184863 0.085746 1.09896e-05 1.23009e-05 1.53482e-06 1.23009e-05 4.19691e-05 2.68221e-06 1.53482e-06 2.68221e-06 5.01145e-06
bowl_3 0.154487 0.150035 0.0528892 5.71273e-06 2.08057e-06 1.67917e-06 2.08057e-06 6.94394e-06 1.71922e-06 1.67917e-06 1.71922e-06 1.40376e-05
bowl_4 0.127492 0.124587 0.0772191 1.73971e-05 5.38118e-06 3.84543e-06 5.38118e-06 6.39539e-06 2.33669e-06 3.84543e-06 2.33669e-06 8.17468e-06
notebook_1 0.27424 0.220522 0.0298917 0.00018812 0.000219848 1.19722e-05 0.000219848 0.000491112 4.06969e-05 1.19722e-05 4.06969e-05 8.28942e-05
notebook_2 0.271079 0.220181 0.0141928 0.000306614 0.000299878 -8.62824e-06 0.000299878 0.000631675 7.5195e-06 -8.62824e-06 7.5195e-06 1.1935e-05
notebook_3 0.278673 0.225513 0.0128482 0.000262856 0.000283808 -9.16189e-06 0.000283808 0.000561178 9.46829e-06 -9.16189e-06 9.46829e-06 1.40553e-05
greens_1 0.196639 0.123671 0.068586 0.000207409 7.03204e-05 -1.64518e-05 7.03204e-05 0.000188968 4.8941e-05 -1.64518e-05 4.8941e-05 9.44789e-05
greens_2 0.16482 0.107123 0.0651939 0.000264034 6.93277e-06 1.67154e-05 6.93277e-06 8.96687e-05 -2.72831e-06 1.67154e-05 -2.72831e-06 0.000166141
stapler_1 0.121656 0.0552477 0.0351715 0.00023485 3.30438e-05 6.42287e-06 3.30438e-05 4.73722e-05 2.0219e-06 6.42287e-06 2.0219e-06 4.73533e-05
stapler_2 0.12246 0.0553496 0.0336833 0.000188199 1.87983e-05 2.35997e-06 1.87983e-05 5.01408e-05 6.95221e-06 2.35997e-06 6.95221e-06 4.37176e-05
stapler_3 0.102156 0.0398212 0.0199249 0.00113807 0.000267141 0.000169011 0.000267141 0.000265518 0.000140651 0.000169011 0.000140651 0.000113538
stapler_4 0.150187 0.0484258 0.0276981 0.00128229 0.000305811 0.000211935 0.000305811 0.000184492 9.7606e-05 0.000211935 9.7606e-05 9.52533e-05
stapler_5 0.144038 0.0522147 0.0316894 0.00059252 9.62457e-05 5.13992e-05 9.62457e-05 8.6722e-05 3.5168e-05 5.13992e-05 3.5168e-05 6.33469e-05
toothbrush_1 0.180289 0.0180316 0.0131789 0.000144195 -2.30619e-06 -3.02168e-06 -2.30619e-06 6.52036e-06 8.43196e-07 -3.02168e-06 8.43196e-07 4.04916e-06
toothbrush_2 0.181247 0.0177462 0.0131833 0.000124969 -1.0184e-06 -7.91159e-07 -1.0184e-06 5.53392e-06 6.01998e-07 -7.91159e-07 6.01998e-07 3.95675e-06
toothbrush_3 0.181439 0.0175375 0.0131252 9.05432e-05 -2.9353e-06 -4.01819e-06 -2.9353e-06 5.77761e-06 9.68328e-07 -4.01819e-06 9.68328e-07 4.20799e-06
instant_noodles_1 0.169629 0.124865 0.0444756 0.000155121 6.39278e-05 2.36137e-06 6.39278e-05 0.000141012 5.13624e-06 2.36137e-06 5.13624e-06 2.1911e-05
instant_noodles_2 0.160092 0.138317 0.0365982 6.72173e-05 2.26609e-05 1.13882e-05 2.26609e-05 7.46362e-05 4.73903e-06 1.13882e-05 4.73903e-06 2.9913e-05
instant_noodles_3 0.146865 0.114507 0.0370694 0.00012386 3.51332e-05 3.95067e-06 3.51332e-05 8.76235e-05 8.13277e-06 3.95067e-06 8.13277e-06 2.46473e-05
instant_noodles_4 0.160042 0.11721 0.0365114 0.000104042 1.84607e-05 1.65086e-05 1.84607e-05 9.76678e-05 -3.06172e-06 1.65086e-05 -3.06172e-06 3.58204e-05
instant_noodles_5 0.152511 0.119087 0.0329618 5.99865e-05 3.23448e-05 9.10833e-07 3.23448e-05 8.3332e-05 3.26755e-06 9.10833e-07 3.26755e-06 2.65959e-05
cereal_box_1 0.293233 0.19375 0.0713256 0.000147231 -9.39704e-05 5.41005e-05 -9.39704e-05 0.00120408 0.00031941 5.41005e-05 0.00031941 0.000680052
cereal_box_2 0.294694 0.191836 0.059863 0.000174366 -5.22435e-05 2.91299e-05 -5.22435e-05 0.0014304 0.000237206 2.91299e-05 0.000237206 0.000498146
cereal_box_3 0.285354 0.185286 0.0586363 0.000230126 -0.000163212 3.35667e-05 -0.000163212 0.00131498 0.000211288 3.35667e-05 0.000211288 0.000511932
hand_towel_1 0.172501 0.160824 0.0274232 0.000144709 8.34055e-05 1.87941e-05 8.34055e-05 0.000103002 1.28574e-05 1.87941e-05 1.28574e-05 1.98915e-05
hand_towel_2 0.169956 0.161532 0.029624 0.000117129 7.47181e-05 6.04521e-06 7.47181e-05 8.8932e-05 2.38754e-05 6.04521e-06 2.38754e-05 4.48521e-05
hand_towel_3 0.172626 0.158703 0.0257184 0.00014722 8.09468e-05 -1.69314e-06 8.09468e-05 0.000123963 2.3155e-05 -1.69314e-06 2.3155e-05 3.58263e-05
pear_1 0.0866243 0.0695279 0.0298017 8.17552e-05 9.65735e-06 4.04273e-05 9.65735e-06 1.02953e-05 7.90833e-06 4.04273e-05 7.90833e-06 7.32575e-05
pear_2 0.0789071 0.0682252 0.0310299 6.05593e-05 6.6678e-06 3.05127e-05 6.6678e-06 1.49128e-05 -4.47477e-06 3.05127e-05 -4.47477e-06 8.38796e-05
pear_3 0.105708 0.0640552 0.0330455 0.000190459 1.07675e-05 1.74153e-05 1.07675e-05 3.31393e-05 -9.0478e-06 1.74153e-05 -9.0478e-06 9.5933e-05
pear_4 0.0996352 0.0680809 0.0340767 0.00026008 3.85847e-06 5.91855e-05 3.85847e-06 2.15573e-05 -2.90875e-06 5.91855e-05 -2.90875e-06 8.5688e-05
flashlight_1 0.188462 0.0653743 0.0433147 0.000353366 1.2489e-05 2.51606e-05 1.2489e-05 6.33574e-05 2.41273e-05 2.51606e-05 2.41273e-05 0.00017256
flashlight_2 0.180725 0.0560226 0.0359874 4.86858e-05 8.20216e-06 2.95136e-06 8.20216e-06 2.5057e-05 1.61077e-05 2.95136e-06 1.61077e-05 9.28076e-05
flashlight_3 0.179985 0.0565266 0.0370745 0.000220243 5.92079e-05 3.48319e-05 5.92079e-05 5.83413e-05 2.99613e-05 3.48319e-05 2.99613e-05 0.000103817
cap_1 0.23035 0.171226 0.0857132 0.000389747 -0.000206932 5.33462e-05 -0.000206932 0.000231374 2.61804e-05 5.33462e-05 2.61804e-05 0.000297282
cap_2 0.237437 0.167075 0.0881468 0.000924945 4.76465e-06 0.000463303 4.76465e-06 0.000274461 0.000174937 0.000463303 0.000174937 0.000718151
food_box_1 0.132179 0.104832 0.0610543 0.000194462 1.72565e-05 5.1599e-05 1.72565e-05 0.000264873 7.58581e-05 5.1599e-05 7.58581e-05 0.000215367
food_box_10 0.222115 0.163922 0.0694668 0.000207752 -2.84798e-05 8.21501e-05 -2.84798e-05 0.000756379 0.000223559 8.21501e-05 0.000223559 0.000478916
food_box_11 0.23924 0.166205 0.0674486 0.000176124 -1.4022e-05 8.42325e-05 -1.4022e-05 0.000685876 0.000185699 8.42325e-05 0.000185699 0.00044567
food_box_12 0.283942 0.0978441 0.0652669 3.69176e-05 4.37796e-05 9.84408e-06 4.37796e-05 0.000370388 -1.02264e-05 9.84408e-06 -1.02264e-05 0.000161638
food_box_2 0.162019 0.110665 0.0541917 6.83665e-05 -1.75331e-05 1.76681e-05 -1.75331e-05 0.000300224 7.30706e-05 1.76681e-05 7.30706e-05 0.00027817
food_box_3 0.148455 0.105129 0.0793331 9.91821e-05 3.97302e-06 -6.86944e-06 3.97302e-06 0.000281673 9.28193e-05 -6.86944e-06 9.28193e-05 0.00015389
food_box_4 0.210372 0.121108 0.0627121 0.000109501 2.84053e-06 5.82375e-05 2.84053e-06 0.000361853 0.000118923 5.82375e-05 0.000118923 0.000391838
food_box_5 0.210798 0.146086 0.078423 0.000185709 -2.5969e-05 9.88152e-05 -2.5969e-05 0.000465712 0.000190461 9.88152e-05 0.000190461 0.000689212
lime_1 0.0655263 0.0576268 0.0274344 3.19397e-05 -5.4664e-06 2.71134e-05 -5.4664e-06 6.63078e-06 -5.45906e-06 2.71134e-05 -5.45906e-06 7.30267e-05
lime_2 0.0593687 0.0527562 0.0235029 1.9317e-05 -1.88476e-06 1.15145e-05 -1.88476e-06 6.3309e-06 -1.88593e-06 1.15145e-05 -1.88593e-06 3.51532e-05
soda_can_1 0.125175 0.066726 0.0440182 7.72309e-05 2.2606e-05 7.34697e-05 2.2606e-05 8.21482e-05 4.4137e-05 7.34697e-05 4.4137e-05 0.000241528
soda_can_2 0.126184 0.0725859 0.0470971 6.341e-05 2.63592e-05 6.72047e-05 2.63592e-05 0.000234746 0.000112212 6.72047e-05 0.000112212 0.00026067
soda_can_3 0.126795 0.0696282 0.0452029 4.64953e-05 2.79592e-05 6.47758e-05 2.79592e-05 0.00013083 4.891e-05 6.47758e-05 4.891e-05 0.000223274
soda_can_4 0.123112 0.0640459 0.0381438 0.000196915 8.4159e-05 0.000114662 8.4159e-05 0.0001754 0.00010723 0.000114662 0.00010723 0.000265326
orange_1 0.0759409 0.0692793 0.0263893 7.46921e-06 -3.19444e-06 2.90922e-06 -3.19444e-06 1.06995e-05 -3.42517e-06 2.90922e-06 -3.42517e-06 1.01635e-05
orange_2 0.0807543 0.0776196 0.0306738 6.62729e-06 -1.52877e-06 5.81285e-06 -1.52877e-06 4.76325e-06 -1.50455e-06 5.81285e-06 -1.50455e-06 1.31278e-05
garlic_1 0.0517188 0.043334 0.0202786 7.81054e-06 -1.7269e-06 1.98162e-06 -1.7269e-06 2.45355e-05 1.24159e-05 1.98162e-06 1.24159e-05 1.94485e-05
garlic_2 0.052975 0.0443945 0.0198737 1.00159e-05 -3.1963e-06 1.91818e-06 -3.1963e-06 2.33389e-05 9.19116e-06 1.91818e-06 9.19116e-06 1.36342e-05
garlic_3 0.0523986 0.0444685 0.0201052 6.855e-06 -3.91738e-06 1.57615e-06 -3.91738e-06 2.20065e-05 1.04064e-05 1.57615e-06 1.04064e-05 1.42139e-05
garlic_4 0.0456504 0.0378658 0.0187501 1.9155e-05 8.32952e-07 2.97354e-06 8.32952e-07 1.59503e-05 7.01321e-06 2.97354e-06 7.01321e-06 2.06711e-05
garlic_5 0.059788 0.0489911 0.0229303 7.60728e-05 2.73106e-05 1.24854e-05 2.73106e-05 3.73693e-05 1.01905e-05 1.24854e-05 1.01905e-05 3.7207e-05
coffee_mug_1 0.112485 0.0939985 0.0829366 0.000151249 3.79644e-05 4.66779e-06 3.79644e-05 4.16245e-05 6.39586e-06 4.66779e-06 6.39586e-06 1.67307e-05
coffee_mug_2 0.123186 0.108508 0.0982272 0.000138107 3.92115e-05 8.6762e-06 3.92115e-05 5.10663e-05 1.81999e-05 8.6762e-06 1.81999e-05 1.84448e-05
coffee_mug_3 0.113022 0.10211 0.0867661 4.18629e-05 1.3168e-05 5.71739e-06 1.3168e-05 6.62897e-05 9.82452e-06 5.71739e-06 9.82452e-06 4.1517e-05
coffee_mug_4 0.110826 0.0960342 0.0916925 0.000140255 1.63391e-05 5.09154e-06 1.63391e-05 2.3583e-05 1.32294e-05 5.09154e-06 1.32294e-05 1.65571e-05
coffee_mug_5 0.118022 0.101348 0.0934985 0.000118208 1.39708e-05 -1.94274e-06 1.39708e-05 5.13159e-05 1.626e-05 -1.94274e-06 1.626e-05 1.56239e-05
mushroom_1 0.0461626 0.0404336 0.0190987 7.85408e-06 -1.29698e-06 5.1441e-06 -1.29698e-06 6.28643e-06 -5.16197e-06 5.1441e-06 -5.16197e-06 4.74121e-05
mushroom_2 0.0581639 0.0501014 0.0223912 2.49632e-05 1.45629e-05 -8.20565e-06 1.45629e-05 4.02359e-05 -3.10375e-05 -8.20565e-06 -3.10375e-05 4.63692e-05
lightbulb_1 0.086867 0.0478111 0.0375344 0.000124961 -6.03357e-06 1.07638e-05 -6.03357e-06 1.40918e-05 3.63146e-06 1.07638e-05 3.63146e-06 4.59952e-05
lightbulb_2 0.0947764 0.0581874 0.0300647 0.000192704 -3.17814e-06 3.92415e-05 -3.17814e-06 1.39002e-05 1.33261e-06 3.92415e-05 1.33261e-06 6.49117e-05
food_can_1 0.0710517 0.0586794 0.0355757 0.00011636 1.89194e-05 7.31514e-05 1.89194e-05 2.73346e-05 5.70116e-05 7.31514e-05 5.70116e-05 0.00024195
food_can_10 0.113635 0.0824009 0.0442434 0.000169534 7.42124e-05 0.000150782 7.42124e-05 0.000171297 0.000104799 0.000150782 0.000104799 0.000349535
food_can_11 0.12721 0.0879884 0.0618316 8.4389e-05 2.17305e-05 0.000128187 2.17305e-05 0.00020385 8.72649e-05 0.000128187 8.72649e-05 0.000482954
food_can_12 0.126565 0.0881012 0.0497165 0.000101892 4.20399e-05 0.000124808 4.20399e-05 0.000197676 0.000116988 0.000124808 0.000116988 0.000445973
food_can_13 0.112023 0.0894051 0.045213 0.000121125 3.38992e-05 0.000124267 3.38992e-05 6.04168e-05 4.40283e-05 0.000124267 4.40283e-05 0.00043263
food_can_14 0.127588 0.08738 0.0577399 0.000132408 5.65071e-05 0.000143076 5.65071e-05 0.000180982 8.87346e-05 0.000143076 8.87346e-05 0.000452731
food_can_2 0.102441 0.0750071 0.0496502 0.000125951 4.4141e-05 0.000121869 4.4141e-05 0.000108645 7.36343e-05 0.000121869 7.36343e-05 0.000301331
food_can_3 0.0992789 0.0786728 0.043591 0.000125135 1.58371e-05 0.000132884 1.58371e-05 5.47576e-05 1.7361e-05 0.000132884 1.7361e-05 0.000304947
food_can_4 0.100355 0.0792081 0.0416254 0.000192977 4.07575e-05 0.000184185 4.07575e-05 7.05691e-05 4.19111e-05 0.000184185 4.19111e-05 0.000311297
food_can_5 0.114632 0.084694 0.0467601 0.000194355 0.000118895 0.000186295 0.000118895 0.000207573 0.000159035 0.000186295 0.000159035 0.000419765
pitcher_1 0.120884 0.101597 0.0917865 0.00015531 9.87481e-06 -1.48742e-05 9.87481e-06 3.77428e-05 -9.96422e-06 -1.48742e-05 -9.96422e-06 5.33834e-05
pitcher_2 0.177833 0.144006 0.0989244 0.000172786 -3.29278e-05 -0.000119753 -3.29278e-05 0.000496492 4.47044e-05 -0.000119753 4.47044e-05 0.000466696
food_bag_1 0.271759 0.194056 0.0678418 0.000115067 6.68019e-05 3.03183e-05 6.68019e-05 0.000326179 7.85431e-05 3.03183e-05 7.85431e-05 9.99337e-05
food_bag_2 0.255385 0.170764 0.0566497 7.91177e-05 8.858e-05 1.98688e-05 8.858e-05 0.000329152 4.19896e-05 1.98688e-05 4.19896e-05 6.59788e-05
food_bag_3 0.279874 0.163261 0.0561549 0.000225842 6.81132e-05 1.3072e-05 6.81132e-05 0.000627033 0.000120893 1.3072e-05 0.000120893 8.12814e-05
food_bag_4 0.248399 0.15289 0.0525021 0.000157259 4.31426e-05 3.59369e-05 4.31426e-05 0.000440579 3.29399e-05 3.59369e-05 3.29399e-05 7.0197e-05
food_bag_5 0.331165 0.191648 0.0689009 0.000329599 -3.56808e-05 1.21724e-05 -3.56808e-05 0.000539675 -3.36412e-05 1.21724e-05 -3.36412e-05 6.8028e-05
rubber_eraser_1 0.0671349 0.0281278 0.00967808 1.77384e-05 7.70146e-06 7.34394e-06 7.70146e-06 2.12666e-05 1.09423e-05 7.34394e-06 1.09423e-05 1.34462e-05
rubber_eraser_2 0.0627241 0.0255847 0.011493 1.90027e-05 8.23021e-06 1.16779e-05 8.23021e-06 2.11789e-05 1.62876e-05 1.16779e-05 1.62876e-05 2.52702e-05
camera_1 0.109848 0.0611562 0.0324861 0.000276434 9.23378e-05 4.22739e-05 9.23378e-05 0.000106429 2.90042e-05 4.22739e-05 2.90042e-05 9.77311e-05
camera_2 0.128415 0.0812927 0.0559268 0.000502046 -1.03144e-05 -8.94768e-06 -1.03144e-05 6.69388e-05 -5.29084e-06 -8.94768e-06 -5.29084e-06 0.000180778
food_cup_1 0.0893342 0.0661774 0.0323866 0.000175439 4.8175e-05 0.00011924 4.8175e-05 9.75877e-05 8.88184e-05 0.00011924 8.88184e-05 0.000168621
food_cup_2 0.0917029 0.0658336 0.0329553 0.00031425 6.71255e-05 0.00016057 6.71255e-05 9.96105e-05 8.18542e-05 0.00016057 8.18542e-05 0.000165617
food_cup_3 0.0896483 0.0666515 0.0343523 0.000213653 6.35651e-05 0.000145981 6.35651e-05 9.91127e-05 8.86426e-05 0.000145981 8.86426e-05 0.000182954
onion_1 0.0853286 0.0735425 0.0396161 0.000121792 -4.42844e-06 9.6509e-05 -4.42844e-06 2.24337e-05 -3.37209e-06 9.6509e-05 -3.37209e-06 0.000171526
onion_2 0.0960279 0.0871398 0.0419295 6.63716e-05 -7.8436e-06 6.4997e-05 -7.8436e-06 1.21323e-05 -4.60213e-06 6.4997e-05 -4.60213e-06 0.000177163
onion_3 0.0875914 0.0746266 0.0422261 0.000114965 -3.79607e-06 6.42228e-05 -3.79607e-06 2.28933e-05 -9.90625e-06 6.42228e-05 -9.90625e-06 0.000172657
onion_4 0.100342 0.0907415 0.0498997 0.000113642 6.17001e-06 9.51756e-05 6.17001e-06 1.52607e-05 3.4878e-06 9.51756e-05 3.4878e-06 0.000226957
tomato_1 0.0623269 0.05257 0.029164 4.16718e-05 -7.1812e-06 2.21059e-05 -7.1812e-06 9.80543e-06 -7.00308e-06 2.21059e-05 -7.00308e-06 7.31579e-05
tomato_2 0.0604626 0.0457771 0.0225637 2.93921e-05 -1.76625e-06 4.19689e-06 -1.76625e-06 9.35118e-06 -8.55071e-07 4.19689e-06 -8.55071e-07 2.91177e-05
tomato_3 0.0756577 0.0673733 0.0414991 5.58672e-05 -4.24962e-06 3.22659e-05 -4.24962e-06 1.46218e-05 -1.04867e-05 3.22659e-05 -1.04867e-05 0.000104813
tomato_4 0.0815017 0.070401 0.0433752 8.6328e-05 -2.29897e-06 5.15794e-05 -2.29897e-06 1.75987e-05 -9.25828e-06 5.15794e-05 -9.25828e-06 0.000130373
tomato_5 0.057597 0.0539184 0.0285899 2.73397e-05 -3.40631e-07 1.59858e-05 -3.40631e-07 3.69456e-06 -2.84205e-06 1.59858e-05 -2.84205e-06 3.98023e-05
dry_battery_1 0.0458214 0.027224 0.0131938 1.73852e-05 1.01666e-06 3.49717e-06 1.01666e-06 1.03834e-05 3.11877e-06 3.49717e-06 3.11877e-06 7.78778e-06
dry_battery_2 0.0454369 0.0148968 0.00926232 1.86015e-05 5.73171e-07 6.48317e-07 5.73171e-07 3.52299e-06 2.08514e-06 6.48317e-07 2.08514e-06 5.33873e-06
dry_battery_3 0.0444046 0.0135113 0.00895362 0.000105414 1.96651e-05 1.6826e-05 1.96651e-05 9.99492e-06 5.78349e-06 1.6826e-05 5.78349e-06 7.43144e-06
dry_battery_4 0.0549726 0.0326216 0.0208475 0.000107684 2.6689e-05 2.99191e-05 2.6689e-05 2.85722e-05 1.57156e-05 2.99191e-05 1.57156e-05 4.09548e-05
lemon_1 0.0719761 0.058165 0.0290318 8.37315e-05 -1.19214e-05 1.09449e-05 -1.19214e-05 1.68202e-05 -9.56887e-06 1.09449e-05 -9.56887e-06 5.60374e-05
lemon_2 0.076585 0.0637823 0.0325079 7.48443e-05 -1.394e-05 4.07964e-05 -1.394e-05 1.4428e-05 -9.49926e-06 4.07964e-05 -9.49926e-06 8.46245e-05
lemon_3 0.0747606 0.0634369 0.0313313 8.05412e-05 -6.00796e-06 4.48218e-05 -6.00796e-06 1.50688e-05 -9.87644e-06 4.48218e-05 -9.87644e-06 8.94405e-05
lemon_4 0.0751317 0.0612169 0.0297656 7.11824e-05 -1.31261e-05 2.48961e-05 -1.31261e-05 1.70106e-05 -7.5982e-06 2.48961e-05 -7.5982e-06 7.12742e-05
pliers_1 0.0887031 0.0765052 0.0105403 3.31476e-05 1.04154e-05 -2.20886e-06 1.04154e-05 4.89363e-05 -3.78292e-07 -2.20886e-06 -3.78292e-07 4.86147e-06
pliers_2 0.0822389 0.068198 0.00837013 3.11523e-05 2.68235e-05 7.58388e-07 2.68235e-05 0.00015655 -1.62644e-06 7.58388e-07 -1.62644e-06 3.79913e-06
pliers_3 0.0938961 0.0713874 0.00954234 8.95308e-05 -6.80238e-06 3.0293e-06 -6.80238e-06 1.57892e-05 -6.16239e-06 3.0293e-06 -6.16239e-06 6.16414e-06
pliers_4 0.094498 0.0690503 0.0127592 0.00015401 3.63127e-05 9.15828e-06 3.63127e-05 0.000228359 5.29177e-06 9.15828e-06 5.29177e-06 3.91991e-06
calculator_1 0.140111 0.0994992 0.0220902 0.000297252 5.25033e-05 3.81987e-05 5.25033e-05 8.39923e-05 6.36349e-06 3.81987e-05 6.36349e-06 1.75242e-05
calculator_2 0.185809 0.138137 0.0354244 0.000105217 6.90166e-05 -9.24803e-07 6.90166e-05 0.000183299 -1.61603e-05 -9.24803e-07 -1.61603e-05 5.7556e-05
calculator_3 0.112159 0.0700332 0.0107084 3.29474e-05 5.2033e-06 -1.07917e-06 5.2033e-06 5.9105e-05 2.79746e-07 -1.07917e-06 2.79746e-07 5.68944e-06
bell_pepper_1 0.104033 0.090279 0.0657439 7.22585e-05 1.06813e-05 3.8248e-05 1.06813e-05 3.32529e-05 1.25635e-05 3.8248e-05 1.25635e-05 0.000114608
bell_pepper_2 0.115257 0.0816078 0.0539274 0.000190765 3.56417e-06 4.17251e-05 3.56417e-06 4.74653e-05 1.75387e-05 4.17251e-05 1.75387e-05 0.000188834
bell_pepper_3 0.0931263 0.0848203 0.0561885 5.72102e-05 2.61888e-06 2.77809e-05 2.61888e-06 1.9379e-05 5.15813e-06 2.77809e-05 5.15813e-06 0.000114533
bell_pepper_4 0.10441 0.0825951 0.0498072 0.00025889 2.67196e-06 3.5326e-05 2.67196e-06 3.54815e-05 -1.48825e-06 3.5326e-05 -1.48825e-06 0.000197639
sponge_1 0.118457 0.078805 0.0138388 3.94508e-05 2.88719e-05 5.76174e-06 2.88719e-05 5.94296e-05 3.1956e-06 5.76174e-06 3.1956e-06 4.01244e-06
sponge_10 0.0784115 0.0681674 0.0275891 1.09579e-05 -3.10503e-06 5.84638e-07 -3.10503e-06 6.70189e-05 2.55624e-05 5.84638e-07 2.55624e-05 2.6729e-05
sponge_11 0.0732566 0.0608544 0.0257968 3.00515e-05 -1.27824e-06 9.05548e-06 -1.27824e-06 4.40411e-05 1.71374e-05 9.05548e-06 1.71374e-05 2.72547e-05
sponge_12 0.0794457 0.0717868 0.027513 1.26651e-05 1.32946e-06 5.15464e-06 1.32946e-06 2.08495e-05 1.22371e-05 5.15464e-06 1.22371e-05 2.66947e-05
sponge_2 0.119164 0.0768041 0.0177232 3.46871e-05 2.88654e-05 -3.88874e-06 2.88654e-05 7.00387e-05 -3.68268e-06 -3.88874e-06 -3.68268e-06 6.70413e-06
sponge_3 0.121618 0.075354 0.0142825 2.74964e-05 3.09404e-05 2.5389e-06 3.09404e-05 7.24625e-05 3.77034e-06 2.5389e-06 3.77034e-06 3.12031e-06
sponge_4 0.119878 0.0768078 0.0153283 3.00482e-05 2.78298e-05 1.83482e-06 2.78298e-05 5.53252e-05 2.56347e-06 1.83482e-06 2.56347e-06 3.57613e-06
sponge_5 0.0939122 0.0644903 0.0198157 1.1499e-05 3.98094e-06 1.23272e-06 3.98094e-06 2.7183e-05 3.06137e-06 1.23272e-06 3.06137e-06 2.71802e-05
water_bottle_1 0.209676 0.0740619 0.0371443 0.00016018 6.55996e-05 0.000103198 6.55996e-05 0.000122787 0.00010483 0.000103198 0.00010483 0.000179729
water_bottle_10 0.193929 0.081343 0.065453 0.000348374 -2.75504e-05 -1.75619e-05 -2.75504e-05 0.000178955 5.80167e-05 -1.75619e-05 5.80167e-05 9.00463e-05
water_bottle_2 0.214141 0.0756263 0.0368676 0.000134308 9.65986e-05 9.65549e-05 9.65986e-05 0.000188866 0.000132448 9.65549e-05 0.000132448 0.000158988
water_bottle_3 0.177281 0.0637095 0.0325643 0.00158743 0.00025849 0.000303809 0.00025849 0.000181466 0.000115958 0.000303809 0.000115958 0.000149181
water_bottle_4 0.189252 0.070715 0.0362444 0.00130964 0.000208684 0.00028583 0.000208684 0.000185193 0.000135267 0.00028583 0.000135267 0.000198538
water_bottle_5 0.126999 0.0733588 0.0421818 0.00226294 0.000499729 0.000525479 0.000499729 0.000494246 0.000327128 0.000525479 0.000327128 0.000322116
apple_1 0.0896321 0.0769773 0.0475731 9.97102e-05 3.52971e-07 5.77378e-05 3.52971e-07 1.78693e-05 -4.26988e-06 5.77378e-05 -4.26988e-06 0.000109551
apple_2 0.084835 0.07581 0.0461785 9.11271e-05 1.10175e-06 4.11826e-05 1.10175e-06 1.30837e-05 -1.83727e-06 4.11826e-05 -1.83727e-06 8.72414e-05
apple_3 0.0847329 0.0763203 0.0435451 0.000112169 -2.57697e-06 5.28528e-05 -2.57697e-06 1.44662e-05 -4.23775e-06 5.28528e-05 -4.23775e-06 0.000110308
banana_1 0.179957 0.0833229 0.0251688 3.26931e-05 6.2231e-06 -8.3819e-07 6.2231e-06 8.71262e-05 -6.42869e-06 -8.3819e-07 -6.42869e-06 1.53648e-05
banana_2 0.20118 0.0695693 0.0270241 4.26844e-05 1.14795e-05 6.27246e-06 1.14795e-05 8.20095e-05 -7.99657e-07 6.27246e-06 -7.99657e-07 1.79393e-05
shampoo_1 0.221417 0.0723586 0.0337352 7.47479e-05 5.36926e-05 5.59799e-05 5.36926e-05 0.000441141 7.64304e-05 5.59799e-05 7.64304e-05 0.000116597
shampoo_2 0.179148 0.0573324 0.0262612 0.00339761 0.00087425 0.000420457 0.00087425 0.000425694 0.000226095 0.000420457 0.000226095 0.000169914
shampoo_3 0.20667 0.0671971 0.0295188 0.00165419 0.000483888 7.42371e-05 0.000483888 0.000395912 8.03871e-05 7.42371e-05 8.03871e-05 0.000104744
shampoo_4 0.216067 0.0857503 0.0404343 0.000364911 0.000345478 0.000205616 0.000345478 0.00099888 0.000349374 0.000205616 0.000349374 0.000274458
comb_1 0.18309 0.0289039 0.0197614 0.00299309 0.000205035 0.000206027 0.000205035 0.000124889 3.14562e-05 0.000206027 3.14562e-05 3.35356e-05
comb_2 0.158263 0.0344283 0.0219125 0.000901457 0.000101337 7.30578e-05 0.000101337 7.771e-05 1.90223e-05 7.30578e-05 1.90223e-05 3.00583e-05
marker_1 0.118779 0.0204875 0.0143169 3.45558e-05 4.68339e-06 4.65463e-06 4.68339e-06 1.60891e-05 9.14175e-06 4.65463e-06 9.14175e-06 1.75714e-05
marker_2 0.120154 0.0202133 0.0140605 2.53627e-05 2.04425e-06 6.8642e-06 2.04425e-06 1.13172e-05 8.60897e-06 6.8642e-06 8.60897e-06 1.73532e-05
marker_3 0.101085 0.0196889 0.0135121 0.00026063 8.15047e-06 1.43246e-05 8.15047e-06 1.61843e-05 1.0433e-05 1.43246e-05 1.0433e-05 1.99459e-05
marker_4 0.137303 0.0208801 0.0142677 4.15593e-05 -5.5274e-07 3.5048e-06 -5.5274e-07 1.10704e-05 6.19874e-06 3.5048e-06 6.19874e-06 1.5057e-05
marker_5 0.14304 0.0203302 0.0143605 0.000145685 -1.09896e-06 8.32858e-06 -1.09896e-06 1.05675e-05 5.4253e-06 8.32858e-06 5.4253e-06 1.4076e-05
marker_6 0.142755 0.0205197 0.0141404 0.000153933 -2.93041e-06 4.78094e-06 -2.93041e-06 1.04954e-05 5.64099e-06 4.78094e-06 5.64099e-06 1.46031e-05
scissors_1 0.161391 0.0853545 0.0139121 0.000708703 2.38325e-05 -4.19654e-06 2.38325e-05 2.64598e-05 -1.15053e-06 -4.19654e-06 -1.15053e-06 5.90149e-06
scissors_2 0.1544 0.0758068 0.0135378 0.000681883 3.73553e-06 -1.41824e-05 3.73553e-06 2.33445e-05 -9.03499e-07 -1.41824e-05 -9.03499e-07 7.57705e-06
ball_1 0.0592146 0.0471293 0.023117 3.18461e-05 5.88829e-07 9.10484e-07 5.88829e-07 1.33105e-05 2.17417e-06 9.10484e-07 2.17417e-06 2.5878e-05
ball_2 0.0618726 0.0541998 0.0293811 4.52353e-05 4.93112e-06 2.81053e-05 4.93112e-06 9.01194e-06 4.25533e-06 2.81053e-05 4.25533e-06 6.64504e-05
ball_3 0.0617676 0.0550012 0.0264526 4.02718e-05 -2.70549e-07 1.01095e-05 -2.70549e-07 1.05712e-05 6.67002e-06 1.01095e-05 6.67002e-06 3.31915e-05
ball_4 0.0609589 0.0533051 0.0283206 5.56593e-05 -1.37999e-06 2.19321e-05 -1.37999e-06 1.06695e-05 3.43425e-06 2.19321e-05 3.43425e-06 5.50634e-05
ball_5 0.128584 0.0924691 0.0501533 0.000329278 -2.89679e-05 7.45202e-05 -2.89679e-05 3.7373e-05 -2.20537e-06 7.45202e-05 -2.20537e-06 0.000206825
potato_1 0.0598481 0.0530096 0.0265812 1.56637e-05 -3.1637e-06 1.17884e-05 -3.1637e-06 9.78005e-06 -2.73576e-06 1.17884e-05 -2.73576e-06 5.35315e-05
potato_2 0.0870284 0.0737877 0.0335573 6.29071e-05 -4.64264e-06 3.14163e-05 -4.64264e-06 5.04083e-05 -2.57911e-05 3.14163e-05 -2.57911e-05 8.2436e-05
potato_3 0.0846255 0.0537165 0.0268853 0.000207962 1.10222e-06 1.14769e-05 1.10222e-06 1.80304e-05 -2.67394e-06 1.14769e-05 -2.67394e-06 5.5069e-05
potato_4 0.0940402 0.056788 0.0283588 0.000179259 3.13027e-05 -2.20439e-05 3.13027e-05 3.22901e-05 -1.216e-05 -2.20439e-05 -1.216e-05 8.31835e-05
