toothpaste 0.176124 0.0476924 0.0271601 0.000462517 1.01002e-05 5.18765e-05 1.01002e-05 5.44291e-05 8.70938e-06 5.18765e-05 8.70938e-06 4.6554e-05
cell_phone 0.131433 0.0448993 0.0207816 0.00252227 6.73351e-05 0.000168741 6.73351e-05 5.42521e-05 1.70205e-06 0.000168741 1.70205e-06 4.53451e-05
plate 0.215525 0.198427 0.0275365 0.00545273 0.00600564 0.000163653 0.00600564 0.00678412 0.00018339 0.000163653 0.00018339 2.12051e-05
keyboard 0.32249 0.148 0.0218597 0.0140632 0.00183179 9.1976e-05 0.00183179 0.00101993 5.38689e-05 9.1976e-05 5.38689e-05 3.50904e-05
kleenex 0.23389 0.137969 0.0844753 0.0101457 0.000277698 -0.00308994 0.000277698 0.000344405 2.46949e-05 -0.00308994 2.46949e-05 0.0013435
binder 0.279887 0.219636 0.0560842 0.00130931 0.00213286 -0.000654951 0.00213286 0.00421564 -0.00112498 -0.000654951 -0.00112498 0.000597691
glue_stick 0.121069 0.0704287 0.0198847 0.00792148 0.00811653 0.000899032 0.00811653 0.00866891 0.000931043 0.000899032 0.000931043 0.000151547
food_jar 0.119361 0.0690383 0.0451646 0.000669152 0.000536319 0.00038605 0.000536319 0.000787429 0.000419927 0.00038605 0.000419927 0.000326465
peach 0.0997155 0.0736354 0.0370073 0.00168953 0.000516317 0.000685669 0.000516317 0.000302882 0.000262086 0.000685669 0.000262086 0.000334342
bowl 0.147861 0.143266 0.0578822 0.00237156 0.00238515 0.000695222 0.00238515 0.00241518 0.000702647 0.000695222 0.000702647 0.000490207
notebook 0.245912 0.203015 0.0304966 0.00362747 0.00248272 -0.00135145 0.00248272 0.00195368 -0.000884147 -0.00135145 -0.000884147 0.000611827
greens 0.216962 0.155767 0.0472967 0.00258224 0.00267319 -0.00120216 0.00267319 0.00311919 -0.00134562 -0.00120216 -0.00134562 0.000766935
stapler 0.134772 0.0607367 0.0362228 0.00105231 0.000466058 0.000301099 0.000466058 0.000633793 0.000375089 0.000301099 0.000375089 0.000304154
toothbrush 0.172115 0.0260457 0.0176133 0.000482876 -0.000210851 -0.000114607 -0.000210851 0.000241921 0.000125539 -0.000114607 0.000125539 8.0963e-05
instant_noodles 0.160837 0.109005 0.0343146 0.000215517 -0.000225365 -4.14732e-05 -0.000225365 0.00140022 0.000298181 -4.14732e-05 0.000298181 0.00010421
cereal_box 0.248953 0.168597 0.053939 0.00421496 0.00202957 0.000916684 0.00202957 0.00202164 0.00064155 0.000916684 0.00064155 0.000612678
hand_towel 0.195835 0.165629 0.0341577 0.00231718 0.000501502 0.000602227 0.000501502 0.000467582 0.00019168 0.000602227 0.00019168 0.000298549
pear 0.110919 0.088191 0.0305593 0.00135357 0.00129151 -4.92698e-05 0.00129151 0.00150897 -9.8242e-05 -4.92698e-05 -9.8242e-05 8.26531e-05
flashlight 0.160468 0.0616897 0.0375169 0.00160694 -0.000112212 0.000117822 -0.000112212 7.00871e-05 1.81631e-05 0.000117822 1.81631e-05 0.000124987
cap 0.217302 0.13433 0.0715516 0.00115778 0.00124259 0.000770658 0.00124259 0.00290142 0.00127705 0.000770658 0.00127705 0.000918731
food_box 0.204408 0.130821 0.0692167 0.00233074 0.000496712 0.00018651 0.000496712 0.00116139 0.00025186 0.00018651 0.00025186 0.000484517
lime 0.12056 0.0907938 0.046207 0.00534076 0.00320697 0.00192722 0.00320697 0.00215987 0.00122305 0.00192722 0.00122305 0.000973928
soda_can 0.111292 0.0648813 0.0392856 0.000808122 0.000204087 0.00028991 0.000204087 0.000170944 0.000120524 0.00028991 0.000120524 0.000278868
orange 0.0918114 0.070618 0.0314215 0.000489715 -5.78105e-05 0.000131671 -5.78105e-05 8.89129e-05 1.77717e-05 0.000131671 1.77717e-05 0.000110605
garlic 0.0568674 0.0490182 0.0219716 0.000141799 0.000140104 4.71052e-05 0.000140104 0.00018036 5.69568e-05 4.71052e-05 5.69568e-05 3.51627e-05
coffee_mug 0.103058 0.0889233 0.0754933 0.000663364 0.000537788 0.0006754 0.000537788 0.000523832 0.000632224 0.0006754 0.000632224 0.000842385
mushroom 0.0693163 0.0598748 0.0397103 0.000906306 0.000742468 0.000929768 0.000742468 0.00065449 0.000783647 0.000929768 0.000783647 0.00106125
lightbulb 0.0779455 0.0517477 0.0294168 0.000366968 3.62876e-05 9.2135e-05 3.62876e-05 4.23708e-05 -1.49475e-05 9.2135e-05 -1.49475e-05 9.19219e-05
food_can 0.108299 0.0795362 0.0463772 0.000408811 0.000191863 0.00023989 0.000191863 0.000225623 0.000138976 0.00023989 0.000138976 0.000421865
pitcher 0.134772 0.106918 0.0753861 0.000936447 0.000709374 0.000497963 0.000709374 0.000848327 0.000561915 0.000497963 0.000561915 0.000900059
food_bag 0.264914 0.170765 0.065157 0.00198829 0.000624593 -0.000284165 0.000624593 0.000783183 1.24881e-05 -0.000284165 1.24881e-05 0.000324536
rubber_eraser 0.155126 0.0826843 0.0303294 0.0159998 0.00981992 0.00348693 0.00981992 0.00627928 0.00214953 0.00348693 0.00214953 0.00079836
camera 0.0970731 0.0533259 0.0312876 0.00104345 0.000690049 0.000512453 0.000690049 0.000611127 0.000433908 0.000512453 0.000433908 0.000426424
food_cup 0.097566 0.0691176 0.0375994 0.000513231 0.00013535 0.000247421 0.00013535 0.000127999 0.000122038 0.000247421 0.000122038 0.000254479
onion 0.0917564 0.0784052 0.0415603 0.000157865 5.40898e-05 0.000113453 5.40898e-05 0.000116325 5.55674e-05 0.000113453 5.55674e-05 0.000211811
tomato 0.0735838 0.0641467 0.0360877 0.00030444 0.000236249 0.000183876 0.000236249 0.000253307 0.000144288 0.000183876 0.000144288 0.000201001
dry_battery 0.0501175 0.0299654 0.0169075 8.51562e-05 8.70033e-05 5.63086e-05 8.70033e-05 0.000242954 0.000120843 5.63086e-05 0.000120843 8.23361e-05
lemon 0.07106 0.056383 0.0289018 0.000143367 8.41669e-05 6.11946e-05 8.41669e-05 0.000148885 4.06533e-05 6.11946e-05 4.06533e-05 8.53629e-05
pliers 0.0866607 0.0691682 0.0144509 0.00013038 3.67751e-05 -3.57671e-05 3.67751e-05 0.000118286 -3.46875e-05 -3.57671e-05 -3.46875e-05 8.42396e-05
calculator 0.134242 0.0950152 0.02052 0.00135538 0.00101872 0.000344001 0.00101872 0.000951164 0.000279404 0.000344001 0.000279404 0.000119547
bell_pepper 0.105792 0.0820179 0.0477933 0.000183567 -2.04556e-05 -3.17502e-05 -2.04556e-05 8.1222e-05 0.000124997 -3.17502e-05 0.000124997 0.000473004
sponge 0.0986884 0.0721221 0.0238147 0.00040883 0.000109442 -7.14543e-05 0.000109442 9.54727e-05 1.83627e-05 -7.14543e-05 1.83627e-05 0.000140096
water_bottle 0.168955 0.071975 0.0390602 0.00264939 0.000295985 0.000492253 0.000295985 0.000225306 0.000192878 0.000492253 0.000192878 0.000352024
apple 0.0960457 0.075648 0.0449124 0.000918615 9.72496e-05 0.000139367 9.72496e-05 0.000130936 7.74264e-05 0.000139367 7.74264e-05 0.000158986
banana 0.159375 0.0764596 0.0312196 0.00245912 -4.1727e-05 -0.000358744 -4.1727e-05 9.73647e-05 -9.03616e-06 -0.000358744 -9.03616e-06 0.000108048
shampoo 0.20519 0.0707056 0.0316119 0.0013313 0.000469735 0.000212385 0.000469735 0.000571511 0.00019758 0.000212385 0.00019758 0.000168892
comb 0.190281 0.055245 0.0293817 0.00184492 0.000823335 0.000379658 0.000823335 0.00121347 0.000427874 0.000379658 0.000427874 0.000232242
marker 0.130852 0.0218941 0.0149661 0.000488175 5.8006e-05 4.02981e-05 5.8006e-05 3.89848e-05 1.95072e-05 4.02981e-05 1.95072e-05 2.38488e-05
scissors 0.151914 0.0565485 0.0138986 0.000541518 0.000239905 -4.49899e-06 0.000239905 0.000908238 -3.69042e-06 -4.49899e-06 -3.69042e-06 9.93878e-06
ball 0.0838164 0.0620761 0.0291819 0.00148576 0.000505511 8.943e-05 0.000505511 0.000271326 0.000106461 8.943e-05 0.000106461 0.000181046
potato 0.0928752 0.0672821 0.0339912 0.000704192 0.000317332 0.000220913 0.000317332 0.000286698 0.000139525 0.000220913 0.000139525 0.000191713
