35 -54.0912 -44.8057 41.9088 190.306
35 4.48029 -19.1733 100.48 164.673
35 18.3873 -11.2021 114.387 156.702
35 45.8741 79.382 141.874 66.118
35 47.0531 -13.7833 143.053 159.283
35 69.7264 112.679 165.726 32.8206
35 54.1916 28.0812 150.192 117.419
35 69.8887 113.809 165.889 31.6913
35 2.63628 -28.3685 98.6363 173.869
35 -37.3097 -122.944 58.6903 268.444
35 30.2846 3.9142 126.285 141.586
35 1.10682 -28.9483 97.1068 174.448
35 18.6977 78.98 114.698 66.52
35 -12.5602 7.40979 83.4398 138.09
35 -38.7859 -93.4534 57.2141 238.953
35 -8.89203 -13.4126 87.108 158.913
35 48.9272 13.8349 144.927 131.665
35 8.14896 -7.34151 104.149 152.842
35 34.938 -27.3179 130.938 172.818
35 62.2888 -3.6996 158.289 149.2
35 -20.4662 -127.863 75.5338 273.363
35 -52.7221 -67.2815 43.2779 212.781
35 2.66202 75.5837 98.662 69.9163
35 -57.7562 -62.1876 38.2438 207.688
35 -2.65826 -17.2951 93.3417 162.795
35 18.0731 79.4325 114.073 66.0675
35 -30.0584 -2.39604 65.9416 147.896
35 -20.5498 -3.58075 75.4502 149.081
35 70.2084 118.159 166.208 27.3405
35 72.6046 13.4837 168.605 132.016
35 28.8473 17.3997 124.847 128.1
35 -21.2691 65.8715 74.7309 79.6285
35 -11.709 -8.14023 84.291 153.64
35 -43.0207 -86.8128 52.9793 232.313
35 68.6824 26.7094 164.682 118.791
35 1.39035 59.1933 97.3904 86.3067
35 -15.4966 -8.83308 80.5034 154.333
35 1.46807 58.0468 97.4681 87.4532
35 -2.91183 -1.90988 93.0882 147.41
35 15.1953 2.82852 111.195 142.671
35 22.5129 2.5464 118.513 142.954
35 15.9433 -23.051 111.943 168.551
35 7.53577 -127.734 103.536 273.234
35 12.1558 65.1175 108.156 80.3825
35 30.3418 70.1463 126.342 75.3537
35 -61.0439 -90.854 34.9561 236.354
35 3.56012 -91.9238 99.5601 237.424
35 -52.184 -53.9436 43.816 199.444
35 5.50668 -72.72 101.507 218.22
35 -78.8523 -57.695 17.1477 203.195
35 69.111 37.4603 165.111 108.04
35 51.8061 21.3527 147.806 124.147
35 -2.26658 1.9024 93.7334 143.598
35 37.7087 -20.1246 133.709 165.625
35 -15.7535 75.2641 80.2465 70.2359
35 -66.5103 -66.5371 29.4897 212.037
35 -19.2258 -1.74074 76.7742 147.241
35 3.53088 -7.30138 99.5309 152.801
35 5.44208 -114.296 101.442 259.796
35 36.8638 -132.929 132.864 278.429
35 -2.57549 66.6935 93.4245 78.8065
35 -65.1792 -64.7094 30.8208 210.209
35 26.8889 0.252884 122.889 145.247
35 33.8467 10.8549 129.847 134.645
35 20.4822 21.3808 116.482 124.119
35 10.1526 -2.00043 106.153 147.5
35 -8.99866 -12.6829 87.0013 158.183
35 18.8362 -53.1284 114.836 198.628
35 -48.0234 112.189 47.9766 33.3105
35 28.1552 54.2713 124.155 91.2287
35 -32.1608 -10.7026 63.8392 156.203
35 -37.351 1.20515 58.649 144.295
35 -39.2212 61.8667 56.7788 83.6333
35 -0.41629 -92.0049 95.5837 237.505
35 -70.2864 -92.9266 25.7136 238.427
35 66.3027 58.055 162.303 87.445
35 -9.21332 -20.385 86.7867 165.885
35 40.4798 25.0262 136.48 120.474
35 31.3447 26.1986 127.345 119.301
35 -24.2212 7.97765 71.7788 137.522
35 -51.7405 -120.387 44.2595 265.887
35 32.9857 26.3678 128.986 119.132
35 -63.6134 -33.6072 32.3866 179.107
35 57.3697 34.5282 153.37 110.972
35 67.7882 57.4692 163.788 88.0308
35 -23.8931 -17.4755 72.1069 162.975
35 -12.5581 -56.0559 83.4419 201.556
35 7.86585 85.1597 103.866 60.3403
35 -2.37363 -101.836 93.6264 247.336
35 -30.0678 -121.427 65.9322 266.927
35 42.6927 15.6235 138.693 129.876
35 -20.3436 10.2305 75.6564 135.27
35 -53.6835 22.7526 42.3165 122.747
35 -38.1867 19.9533 57.8133 125.547
35 -23.2078 -57.5849 72.7922 203.085
35 -14.9195 -32.4484 81.0805 177.948
35 -64.2536 18.523 31.7464 126.977
35 18.5656 15.1978 114.566 130.302
35 50.7758 -22.8764 146.776 168.376
35 75.9433 106.564 171.943 38.9361
35 43.766 67.4011 139.766 78.0989
35 32.1074 -32.7286 128.107 178.229
35 -71.4796 -7.86075 24.5204 153.361
35 56.0199 -121.836 152.02 267.336
35 -28.3262 -32.364 67.6738 177.864
35 12.7413 -76.1024 108.741 221.602
35 -67.0508 36.3009 28.9492 109.199
35 29.1253 -32.29 125.125 177.79
35 29.6436 -9.37817 125.644 154.878
35 76.8654 1.92122 172.865 143.579
35 12.1156 22.0513 108.116 123.449
35 -4.88152 -103.073 91.1185 248.573
35 47.5347 -21.9351 143.535 167.435
35 -1.71327 11.3854 94.2867 134.115
35 -15.0309 2.5058 80.9691 142.994
35 24.0587 27.8967 120.059 117.603
35 -5.28013 46.5612 90.7199 98.9388
35 -13.5241 20.1568 82.4759 125.343
35 -68.3726 17.9912 27.6274 127.509
35 -56.4924 -118.124 39.5076 263.624
35 10.9188 24.4499 106.919 121.05
35 -80.5873 134.11 15.4127 11.3899
35 -10.8138 -74.6015 85.1862 220.102
35 -68.3786 -72.523 27.6214 218.023
35 -20.1929 -34.6615 75.8071 180.161
35 -58.9949 -72.6258 37.0051 218.126
35 25.21 10.5703 121.21 134.93
35 73.7747 120.406 169.775 25.0938
35 29.067 -19.136 125.067 164.636
35 -33.7746 15.5316 62.2254 129.968
35 41.7969 17.8381 137.797 127.662
35 -48.989 75.118 47.011 70.382
35 49.8994 115.526 145.899 29.9741
35 22.647 11.4391 118.647 134.061
35 -22.2003 28.8649 73.7997 116.635
35 71.8766 90.8258 167.877 54.6742
35 73.0998 87.2812 169.1 58.2188
35 0.814308 -45.0706 96.8143 190.571
35 -19.9336 -36.9933 76.0664 182.493
35 64.143 -128.256 160.143 273.756
35 8.5989 -119.646 104.599 265.146
35 3.08105 3.32686 99.0811 142.173
35 -27.6291 -114.089 68.3709 259.589
35 16.7923 6.33493 112.792 139.165
35 46.9878 -122.413 142.988 267.913
35 -55.1255 127.669 40.8745 17.8305
35 58.5175 110.692 154.518 34.8085
35 49.1919 118.586 145.192 26.9144
35 -18.3169 12.4741 77.6831 133.026
35 58.9922 123.459 154.992 22.0409
35 69.0411 132.284 165.041 13.216
35 -66.0245 127.656 29.9755 17.8444
35 -8.4255 76.7542 87.5745 68.7458
35 -72.7805 -40.446 23.2195 185.946
35 -43.7288 127.624 52.2712 17.8757
35 -60.0107 132.614 35.9893 12.8857
35 -85.3336 129.07 10.6664 16.4304
35 -11.2173 10.4212 84.7827 135.079
35 -56.7661 -73.4904 39.2339 218.99
35 -27.6047 -69.6469 68.3953 215.147
35 -58.1497 112.517 37.8503 32.9835
35 47.146 99.669 143.146 45.831
35 12.1294 35.8546 108.129 109.645
35 -50.0003 47.9221 45.9997 97.5779
35 -72.4056 -117.537 23.5944 263.037
35 -58.3605 13.511 37.6395 131.989
35 -51.5669 75.1882 44.4331 70.3118
35 -10.9771 -72.9184 85.0229 218.418
35 36.5577 71.2922 132.558 74.2078
35 -76.1947 127.882 19.8053 17.6183
35 -70.3587 20.0511 25.6413 125.449
35 -75.9092 51.8808 20.0908 93.6192
35 44.9995 -102.232 140.999 247.732
35 -44.3306 -69.9891 51.6694 215.489
35 54.1547 53.5091 150.155 91.9909
35 -82.2212 -49.2547 13.7788 194.755
35 61.6677 49.1014 157.668 96.3986
35 4.77159 41.5768 100.772 103.923
35 -77.2627 31.0219 18.7373 114.478
35 8.48869 26.2115 104.489 119.288
35 -62.6249 -105.959 33.3751 251.459
35 12.0073 41.1737 108.007 104.326
35 29.5429 39.4235 125.543 106.076
35 -61.4456 -43.2314 34.5544 188.731
35 48.7907 113.438 144.791 32.062
35 -59.6473 -85.2287 36.3527 230.729
35 -62.9204 -10.8073 33.0796 156.307
35 -53.4486 -95.0631 42.5514 240.563
35 -59.5286 -83.6832 36.4714 229.183
35 65.9491 88.9728 161.949 56.5272
35 46.548 -125.028 142.548 270.528
35 -18.8626 -68.6363 77.1374 214.136
35 23.7604 71.4287 119.76 74.0713
35 26.0002 -81.5899 122 227.09
35 63.1577 106.701 159.158 38.7994
35 -34.8904 -16.0713 61.1096 161.571
35 -47.3079 -72.3842 48.6921 217.884
35 -10.059 -67.0053 85.941 212.505
35 -74.8964 63.9434 21.1036 81.5566
35 13.0159 -102.235 109.016 247.735
35 4.10949 0.324966 100.109 145.175
35 83.9397 17.0087 179.94 128.491
35 -25.381 45.1963 70.619 100.304
35 25.9282 -81.0548 121.928 226.555
35 -24.4952 52.5989 71.5048 92.9011
35 -62.511 21.6114 33.489 123.889
35 -38.7572 -115.093 57.2428 260.593
35 -78.5002 -6.73633 17.4998 152.236
35 26.2644 -4.23653 122.264 149.737
35 13.9635 50.7013 109.963 94.7987
35 -42.3418 -45.1188 53.6582 190.619
35 21.709 -5.29416 117.709 150.794
35 -65.6447 -25.6102 30.3553 171.11
35 80.275 105.729 176.275 39.7706
35 -61.7916 -45.2514 34.2084 190.751
35 -76.2691 -46.2501 19.7309 191.75
35 30.3853 91.376 126.385 54.124
35 -9.85326 -130.107 86.1467 275.607
35 44.346 41.1628 140.346 104.337
35 -15.7725 42.2742 80.2275 103.226
35 -82.2935 12.268 13.7065 133.232
35 -70.221 -129.842 25.779 275.342
35 -3.72432 32.292 92.2757 113.208
35 -22.7282 -49.7819 73.2718 195.282
35 80.0346 -129.585 176.035 275.085
35 55.2444 67.7381 151.244 77.7619
35 49.7503 -64.3654 145.75 209.865
35 -58.1137 19.904 37.8863 125.596
35 -63.3235 -100.544 32.6765 246.044
35 38.3563 44.0036 134.356 101.496
35 4.73917 126.546 100.739 18.9538
35 0.923218 12.1961 96.9232 133.304
35 46.383 44.9091 142.383 100.591
35 14.9018 -90.6367 110.902 236.137
35 71.6123 17.8483 167.612 127.652
35 54.4257 -18.1519 150.426 163.652
35 27.6538 85.963 123.654 59.537
35 -13.3093 -93.0024 82.6907 238.502
35 -79.5456 -22.8929 16.4544 168.393
35 -45.7347 -60.8588 50.2653 206.359
35 -51.9381 -36.0555 44.0619 181.555
35 -34.8741 -69.6036 61.1259 215.104
35 -11.7595 25.2465 84.2405 120.253
35 35.5906 119.951 131.591 25.5485
35 62.0253 121.487 158.025 24.0134
35 17.1552 -90.8083 113.155 236.308
35 -82.1183 41.8695 13.8817 103.63
35 20.0009 37.0077 116.001 108.492
35 79.9925 111.136 175.993 34.3638
35 19.8462 -68.3648 115.846 213.865
35 -17.2542 84.0943 78.7458 61.4057
35 36.0501 -1.66315 132.05 147.163
35 -82.3021 28.8074 13.6979 116.693
35 -43.5399 -67.0312 52.4601 212.531
35 -34.924 -67.4201 61.076 212.92
35 -37.748 114.458 58.252 31.0416
35 -76.8794 62.2023 19.1206 83.2977
35 52.519 66.8303 148.519 78.6697
35 31.6197 125.59 127.62 19.9102
35 30.4666 125.744 126.467 19.7558
35 35.1131 116.636 131.113 28.8641
35 35.0248 -54.6765 131.025 200.176
35 -0.814926 39.3122 95.1851 106.188
35 20.1624 110.617 116.162 34.883
35 15.2378 67.5009 111.238 77.9991
35 57.1059 -116.53 153.106 262.03
35 69.9086 103.191 165.909 42.3094
35 -22.0471 -26.1737 73.9529 171.674
35 48.3759 44.8733 144.376 100.627
35 32.4207 -38.1676 128.421 183.668
35 -42.0175 -112.082 53.9825 257.582
35 66.86 67.5938 162.86 77.9062
35 35.6874 -65.8007 131.687 211.301
35 -32.3977 -40.278 63.6023 185.778
35 40.045 41.4412 136.045 104.059
35 -39.3387 -37.506 56.6613 183.006
35 36.8229 -57.8372 132.823 203.337
35 -70.8471 -77.757 25.1529 223.257
35 37.7407 -65.2867 133.741 210.787
35 -33.9696 -43.1345 62.0304 188.635
35 -34.4702 112.166 61.5298 33.3341
35 -39.6532 -102.565 56.3468 248.065
35 -65.6862 129.807 30.3138 15.6935
35 -47.6149 14.7188 48.3851 130.781
35 -71.9904 -50.5099 24.0096 196.01
35 15.4129 131.37 111.413 14.1297
35 -34.3621 -57.1789 61.6379 202.679
35 -2.40241 -63.8599 93.5976 209.36
35 66.533 -119.789 162.533 265.289
35 56.0934 88.5473 152.093 56.9527
35 19.8593 125.672 115.859 19.8282
35 -52.3249 -81.5889 43.6751 227.089
35 -10.943 -40.3089 85.057 185.809
35 -50.7868 52.7157 45.2132 92.7843
35 68.7711 102.691 164.771 42.8088
35 -13.5028 -85.7166 82.4972 231.217
35 43.2021 -114.824 139.202 260.324
35 -58.5176 -85.5829 37.4824 231.083
35 27.8373 132.112 123.837 13.3885
35 -27.6935 -45.9548 68.3065 191.455
35 64.1727 42.969 160.173 102.531
35 -82.7876 -38.023 13.2124 183.523
35 -61.2499 -48.7045 34.7501 194.205
35 -38.4863 32.9376 57.5137 112.562
35 0.660027 22.6641 96.66 122.836
35 -42.1954 -24.3788 53.8046 169.879
35 57.5213 3.52716 153.521 141.973
35 18.4623 130.889 114.462 14.6115
35 34.5685 -41.1297 130.569 186.63
35 -68.6054 6.37659 27.3946 139.123
35 -58.0548 104.839 37.9452 40.6614
35 46.0978 -111.694 142.098 257.194
35 -32.1599 -36.6255 63.8401 182.125
35 -77.098 104.818 18.902 40.6818
35 53.6251 37.6915 149.625 107.809
35 -78.0642 15.0462 17.9358 130.454
35 53.1452 2.51498 149.145 142.985
35 -24.5672 43.7273 71.4328 101.773
35 -52.4867 -108.886 43.5133 254.386
35 30.4938 73.7008 126.494 71.7992
35 18.6196 8.90054 114.62 136.599
35 67.2817 103.148 163.282 42.3523
35 -34.1758 7.13452 61.8242 138.365
35 -14.0155 -39.7535 81.9845 185.254
35 44.8257 0.577896 140.826 144.922
35 -24.7012 -100.41 71.2988 245.91
35 49.3588 43.0885 145.359 102.411
35 16.2631 -69.6903 112.263 215.19
35 -76.6895 12.3932 19.3105 133.107
35 19.9299 93.755 115.93 51.745
35 58.9617 -112.708 154.962 258.208
35 60.0631 130.962 156.063 14.5376
35 22.2215 -33.6482 118.221 179.148
35 -74.8221 -67.0628 21.1779 212.563
35 -82.5175 -103.26 13.4825 248.76
35 49.4554 126.681 145.455 18.8188
35 -68.123 121.953 27.877 23.5466
35 23.6103 -92.4502 119.61 237.95
35 -51.2584 4.50473 44.7416 140.995
35 -8.00539 84.4318 87.9946 61.0682
35 -56.6533 -132.723 39.3467 278.223
35 -53.963 -128.406 42.037 273.906
35 -19.8001 -116.752 76.1999 262.252
35 29.0377 -62.9298 125.038 208.43
35 76.0479 62.7175 172.048 82.7825
35 -32.0823 37.3331 63.9177 108.167
35 79.1209 14.9206 175.121 130.579
35 -47.718 5.74931 48.282 139.751
35 46.789 93.5699 142.789 51.9301
35 22.8787 125.65 118.879 19.8499
35 32.2595 -73.2531 128.259 218.753
35 73.0828 -123.025 169.083 268.525
35 -67.2097 -110.715 28.7903 256.215
35 -58.3856 122.029 37.6144 23.471
35 -14.4028 30.9029 81.5972 114.597
35 25.4563 -87.9704 121.456 233.47
35 40.7827 122.387 136.783 23.1126
35 -41.257 -46.9819 54.743 192.482
35 -25.3133 -23.6013 70.6867 169.101
35 -84.3017 22.1236 11.6983 123.376
35 34.8814 101.01 130.881 44.4896
35 -74.1999 40.2217 21.8001 105.278
35 -38.2954 8.76863 57.7046 136.731
35 7.33452 -78.6088 103.335 224.109
35 4.35141 1.1461 100.351 144.354
35 -46.6054 121.695 49.3946 23.8054
35 63.3372 -101.346 159.337 246.846
35 -47.3331 -103.139 48.6669 248.639
35 -18.3202 -21.1842 77.6798 166.684
35 36.5832 -119.583 132.583 265.083
35 -19.2466 -19.6954 76.7534 165.195
35 43.5753 -90.4831 139.575 235.983
35 -14.1152 -121.067 81.8848 266.567
35 -44.5045 23.3137 51.4955 122.186
35 41.0476 24.3823 137.048 121.118
35 50.2045 -39.361 146.204 184.861
35 44.0442 92.7655 140.044 52.7345
35 -36.1051 -110.129 59.8949 255.629
35 68.1633 -117.387 164.163 262.887
35 -61.3915 105.705 34.6085 39.7952
35 -57.5022 -23.4562 38.4978 168.956
35 -29.7196 -78.0115 66.2804 223.512
35 -55.1336 106.804 40.8664 38.6964
35 -21.098 -16.2306 74.902 161.731
35 35.0939 113.655 131.094 31.8449
35 8.64369 -65.5774 104.644 211.077
35 42.6954 -23.2281 138.695 168.728
35 1.3192 -51.0778 97.3192 196.578
35 28.6199 -77.0913 124.62 222.591
35 19.9146 -96.2912 115.915 241.791
35 -0.468849 116.601 95.5312 28.8992
35 17.6883 53.9518 113.688 91.5482
35 -53.5794 32.4562 42.4206 113.044
35 35.0937 -7.91151 131.094 153.412
35 11.8253 -106.768 107.825 252.268
35 55.1554 -43.0173 151.155 188.517
35 -7.27734 -112.641 88.7227 258.141
35 70.3629 -9.27303 166.363 154.773
35 80.0229 58.6747 176.023 86.8253
35 4.73474 -50.0844 100.735 195.584
35 39.6935 29.5601 135.693 115.94
35 -45.5737 -35.8302 50.4263 181.33
35 60.0864 -10.5692 156.086 156.069
35 41.0763 -86.7702 137.076 232.27
35 -30.8372 55.7208 65.1628 89.7792
35 -67.3101 66.6224 28.6899 78.8776
35 30.1806 102.407 126.181 43.093
35 -71.9299 -110.993 24.0701 256.493
35 -53.3544 -6.22389 42.6456 151.724
35 27.6886 -76.0847 123.689 221.585
35 73.7714 -11.6762 169.771 157.176
35 46.0504 125.021 142.05 20.4788
35 66.8709 -92.7183 162.871 238.218
35 -42.8599 104.565 53.1401 40.9355
35 -61.1836 76.5899 34.8164 68.9101
35 55.6315 -106.931 151.631 252.431
15.0746 96 133.093 19.9254 12.4068
-16.2577 96 -102.751 51.2577 248.251
13.8297 96 6.98856 21.1703 138.511
15.1977 96 56.8204 19.8023 88.6796
20.5775 96 -51.5607 14.4225 197.061
23.6524 96 47.4429 11.3476 98.0571
13.8666 96 17.3746 21.1334 128.125
14.7288 96 20.5098 20.2712 124.99
-18.8975 96 84.032 53.8975 61.468
-13.2616 96 56.7798 48.2616 88.7202
5.47453 96 21.533 29.5255 123.967
-7.47234 96 -101.778 42.4723 247.278
14.2936 96 -116.442 20.7064 261.942
3.10051 96 8.63861 31.8995 136.861
-0.390354 96 16.3724 35.3904 129.128
13.3745 96 33.5808 21.6255 111.919
-11.8773 96 -45.2988 46.8773 190.799
12.4337 96 -116.559 22.5663 262.059
-14.3405 96 -66.7437 49.3405 212.244
3.8959 96 -109.83 31.1041 255.33
0.440632 96 59.8728 34.5594 85.6272
13.6295 96 66.566 21.3705 78.934
15.8175 96 -51.2181 19.1825 196.718
-11.8075 96 6.65514 46.8075 138.845
0.351379 96 -37.7391 34.6486 183.239
9.00623 96 -23.4527 25.9938 168.953
4.74001 96 -45.3368 30.26 190.837
5.24783 96 24.1907 29.7522 121.309
-1.3239 96 -51.4353 36.3239 196.935
3.83416 96 6.65956 31.1658 138.84
-3.31707 96 -110.367 38.3171 255.867
5.13601 96 50.901 29.864 94.599
14.6579 96 29.372 20.3421 116.128
-5.73349 96 37.4927 40.7335 108.007
-1.80425 96 -110.18 36.8042 255.68
20.9098 96 -74.5869 14.0902 220.087
15.6474 96 -29.2642 19.3526 174.764
-20.3184 96 -82.6196 55.3184 228.12
15.6422 96 -102.453 19.3578 247.953
-5.87048 96 21.4744 40.8705 124.026
21.0669 96 -78.4832 13.9331 223.983
9.96412 96 -93.4828 25.0359 238.983
12.0069 96 -51.4102 22.9931 196.91
-5.91701 96 11.3445 40.917 134.155
-20.1153 96 -71.8226 55.1153 217.323
6.869 96 -101.678 28.131 247.178
-11.9808 96 -42.7051 46.9808 188.205
20.9882 96 99.651 14.0118 45.849
18.6616 96 100.785 16.3384 44.7149
16.2834 96 -45.1602 18.7166 190.66
-18.3887 96 39.1581 53.3887 106.342
-11.9504 96 62.2956 46.9504 83.2044
-15.7219 96 -124.446 50.7219 269.946
-1.33267 96 29.5743 36.3327 115.926
22.2635 96 -62.7912 12.7365 208.291
-0.912815 96 34.9106 35.9128 110.589
13.9106 96 69.3619 21.0894 76.1381
-2.15586 96 -96.5646 37.1559 242.065
2.13401 96 28.5421 32.866 116.958
-17.6129 96 6.46495 52.6129 139.035
7.64404 96 38.4667 27.356 107.033
10.2103 96 -107.289 24.7897 252.789
-20.125 96 -121.367 55.125 266.867
-1.19716 96 -72.7913 36.1972 218.291
-12.5077 96 121.699 47.5077 23.8014
-8.40366 96 -24.4526 43.4037 169.953
4.14103 96 -90.9881 30.859 236.488
2.63546 96 -19.7155 32.3645 165.216
-15.9519 96 124.053 50.9519 21.4467
20.8328 96 -17.6743 14.1672 163.174
-7.6446 96 -94.0719 42.6446 239.572
-4.89517 96 -96.1253 39.8952 241.625
5.54863 96 -64.8566 29.4514 210.357
20.5602 96 102.685 14.4398 42.8149
-4.26415 96 -56.8486 39.2642 202.349
10.8673 96 82.6708 24.1327 62.8292
20.9201 96 -86.8289 14.0799 232.329
-6.74321 96 24.1979 41.7432 121.302
16.6661 96 117.454 18.3339 28.0458
-18.884 96 128.942 53.884 16.5583
-15.5495 96 -64.6742 50.5495 210.174
-19.823 96 -89.0415 54.823 234.541
3.41839 96 48.7613 31.5816 96.7387
15.7093 96 -90.6526 19.2907 236.153
21.4136 96 -10.5997 13.5864 156.1
4.28582 96 40.1514 30.7142 105.349
23.9775 96 -23.791 11.0225 169.291
18.0777 96 110.297 16.9223 35.2026
8.73148 96 105.656 26.2685 39.8439
3.98086 96 112.404 31.0191 33.0961
-18.978 96 -23.2442 53.978 168.744
-13.7443 96 69.3521 48.7443 76.1479
-3.67699 96 -72.5966 38.677 218.097
9.41244 96 84.3888 25.5876 61.1112
11.231 96 -63.096 23.769 208.596
4.66575 96 -53.8621 30.3342 199.362
-14.5498 96 -86.9681 49.5498 232.468
8.16486 96 12.5954 26.8351 132.905
-2.56451 96 -19.5955 37.5645 165.095
-20.2077 96 -68.7577 55.2077 214.258
-12.4665 96 66.3477 47.4665 79.1523
21.442 96 -7.35152 13.558 152.852
0.909081 96 -30.649 34.0909 176.149
20.3793 96 -14.1316 14.6207 159.632
-5.29453 96 65.1802 40.2945 80.3198
-3.97224 96 -91.2069 38.9722 236.707
-17.9624 96 30.4137 52.9624 115.086
10.4886 96 -59.2297 24.5114 204.73
4.84928 96 -87.5417 30.1507 233.042
0.629101 96 -31.5961 34.3709 177.096
-14.9238 96 -78.6094 49.9238 224.109
10.6974 96 93.2438 24.3026 52.2562
17.5011 96 -3.43217 17.4989 148.932
7.38328 96 92.8525 27.6167 52.6475
16.2837 96 -60.729 18.7163 206.229
-2.06918 96 -62.8185 37.0692 208.318
-0.856804 96 30.6298 35.8568 114.87
-1.29062 96 72.1998 36.2906 73.3002
-10.1061 96 -87.8448 45.1061 233.345
-6.38751 96 100.371 41.3875 45.1291
7.47736 96 85.1178 27.5226 60.3822
-12.3061 96 -86.92 47.3061 232.42
-11.804 96 109.506 46.804 35.9935
1.43948 96 69.6246 33.5605 75.8754
-21.9937 96 21.1062 56.9937 124.394
-13.799 96 108.719 48.799 36.7805
-13.8855 96 133.264 48.8855 12.2362
10.2678 96 -76.3515 24.7322 221.851
-3.70551 96 -75.0262 38.7055 220.526
3.31007 96 -57.4609 31.6899 202.961
18.9007 96 -122.023 16.0993 267.523
0.632195 96 75.3601 34.3678 70.1399
-15.8651 96 -133.304 50.8651 278.804
-8.01372 96 -72.0976 43.0137 217.598
-15.6264 96 128.633 50.6264 16.8669
22.713 96 -88.0563 12.287 233.556
-15.7966 96 63.8837 50.7966 81.6163
5.81693 96 -61.4522 29.1831 206.952
-4.22851 96 101.846 39.2285 43.6537
-16.2837 96 -3.67516 51.2837 149.175
-14.3598 96 -11.4709 49.3598 156.971
-19.6165 96 -3.7597 54.6165 149.26
13.7747 96 99.5225 21.2253 45.9775
-6.81182 96 92.8941 41.8118 52.6059
24.451 96 127.066 10.549 18.4336
-0.883858 96 27.7243 35.8839 117.776
18.9644 96 -89.0363 16.0356 234.536
-20.2647 96 -58.7431 55.2647 204.243
9.96527 96 -33.8014 25.0347 179.301
18.1984 96 -0.396439 16.8016 145.896
-1.49512 96 -93.4351 36.4951 238.935
-17.7259 96 -121.928 52.7259 267.428
-15.1169 96 -18.4438 50.1169 163.944
13.7446 96 110.906 21.2554 34.5942
-0.991955 96 -82.4708 35.992 227.971
21.6301 96 -3.56595 13.3699 149.066
-21.4807 96 -5.91039 56.4807 151.41
7.4134 96 90.967 27.5866 54.533
-4.37187 96 98.3645 39.3719 47.1355
-6.09564 96 -79.5171 41.0956 225.017
4.56666 96 -93.5054 30.4333 239.005
10.4766 96 104.784 24.5234 40.7159
-1.21795 96 -85.2966 36.2179 230.797
-14.9223 96 -6.61884 49.9223 152.119
-35 -31.9217 -120.549 127.922 266.049
-35 -25.1384 -111.956 121.138 257.456
-35 -40.1313 -121.9 136.131 267.4
-35 -38.6482 -109.169 134.648 254.669
-35 -23.0503 -99.4248 119.05 244.925
-35 -21.0896 -99.688 117.09 245.188
-35 -78.7227 -101.905 174.723 247.405
-35 -70.1057 -90.5877 166.106 236.088
-35 52.3202 -15.2564 43.6798 160.756
-35 -16.3315 -111.943 112.332 257.443
-35 -62.9527 -5.90359 158.953 151.404
-35 -62.8693 36.2788 158.869 109.221
-35 -75.9796 -102.271 171.98 247.771
-35 -43.9394 45.8394 139.939 99.6606
-35 -47.9305 -94.902 143.93 240.402
-35 -80.5177 -88.9489 176.518 234.449
-35 -44.4702 -121.682 140.47 267.182
-35 -47.8165 -107.608 143.817 253.108
-35 -51.0051 50.3442 147.005 95.1558
-35 -43.8892 -88.3763 139.889 233.876
-35 15.1132 69.9781 80.8868 75.5219
-35 47.5311 -72.9488 48.4689 218.449
-35 -69.7661 79.0091 165.766 66.4909
-35 -42.5646 -102.192 138.565 247.692
-35 -10.8734 -96.4741 106.873 241.974
-35 -53.4461 63.0211 149.446 82.4789
-35 -60.2144 -92.3099 156.214 237.81
-35 28.4428 83.6483 67.5572 61.8517
-35 31.347 -77.248 64.653 222.748
-35 -73.8002 -116.302 169.8 261.802
-35 -64.6935 -38.884 160.693 184.384
-35 4.55536 66.0786 91.4446 79.4214
-35 -34.6563 -84.0391 130.656 229.539
-35 -70.6835 -108.641 166.684 254.141
-35 -49.7092 -94.42 145.709 239.92
-35 51.3705 27.1756 44.6295 118.324
-35 72.6361 -91.2503 23.3639 236.75
-35 -47.155 -34.7005 143.155 180.201
-35 26.6503 -86.6518 69.3497 232.152
-35 -56.1039 -80.6413 152.104 226.141
-35 -39.0447 52.3775 135.045 93.1225
-35 -24.1212 -88.9216 120.121 234.422
-35 11.6463 -67.8965 84.3537 213.397
-35 31.8041 -74.0314 64.1959 219.531
-35 60.7567 73.2472 35.2433 72.2528
-35 39.5129 -15.3395 56.4871 160.84
-35 61.737 -49.4998 34.263 195
-35 -57.9959 -105.915 153.996 251.415
-35 -47.8038 -129.174 143.804 274.674
-35 -32.8686 -97.9635 128.869 243.464
-35 11.3879 -70.3896 84.6121 215.89
-35 -2.86489 -106.523 98.8649 252.023
-35 42.4422 16.4914 53.5578 129.009
-35 12.8432 34.8326 83.1568 110.667
-35 -54.9261 123.379 150.926 22.1211
-35 12.7301 -102.441 83.2699 247.941
-35 -54.7381 -105.731 150.738 251.231
-35 61.779 -18.2743 34.221 163.774
-35 -0.502716 81.5896 96.5027 63.9104
-35 -56.4115 -121.801 152.411 267.301
-35 -38.0506 -34.6316 134.051 180.132
-35 -58.6702 -79.5952 154.67 225.095
-35 30.7782 -8.15822 65.2218 153.658
-35 42.9963 -77.965 53.0037 223.465
-35 -61.0187 -105.944 157.019 251.444
-35 -63.9382 28.7801 159.938 116.72
-35 -44.9186 -129.183 140.919 274.683
-35 31.6643 -9.51186 64.3357 155.012
-35 -66.8752 123.367 162.875 22.1335
-35 -79.4724 -28.643 175.472 174.143
-35 0.319191 78.858 95.6808 66.642
-35 -74.3087 -83.1386 170.309 228.639
-35 -32.1612 83.2219 128.161 62.2781
-35 12.3428 84.0271 83.6572 61.4729
-35 -71.9872 21.5563 167.987 123.944
-35 7.83575 39.526 88.1642 105.974
-35 -64.9088 -117.918 160.909 263.418
-35 -61.1923 -20.0967 157.192 165.597
-35 9.55614 -14.8423 86.4439 160.342
-35 -31.9804 -110.719 127.98 256.219
-35 -69.3019 61.3528 165.302 84.1472
-35 74.4765 -73.6609 21.5235 219.161
-35 71.3961 -12.7571 24.6039 158.257
-35 8.39191 75.2353 87.6081 70.2647
-35 -55.3429 -88.3243 151.343 233.824
-35 -30.8496 68.9513 126.85 76.5487
-35 53.1518 -76.3 42.8482 221.8
-35 11.6787 58.3935 84.3213 87.1065
-35 69.6103 -14.8042 26.3897 160.304
-35 -62.6839 131.668 158.684 13.8325
-35 18.2886 -52.7572 77.7114 198.257
-35 -12.4236 43.3343 108.424 102.166
-35 20.8529 -5.0665 75.1471 150.566
-35 -58.8655 19.4992 154.865 126.001
-35 73.3256 -74.6613 22.6744 220.161
-35 76.6236 -74.7865 19.3764 220.286
-35 -56.4975 -117.609 152.497 263.109
-35 21.7204 -28.8858 74.2796 174.386
-35 -17.8317 -25.2425 113.832 170.742
-35 66.7473 91.1079 29.2527 54.3921
-35 45.5969 -21.0751 50.4031 166.575
-35 -10.9394 68.3514 106.939 77.1486
-35 -28.8385 -98.799 124.838 244.299
-35 34.7729 79.2751 61.2271 66.2249
-35 -13.5686 68.3962 109.569 77.1038
-35 11.0837 -92.8786 84.9163 238.379
-35 -39.4298 73.7121 135.43 71.7879
-35 30.0511 58.3303 65.9489 87.1697
-35 -37.1202 -96.2825 133.12 241.782
-35 -83.0155 -44.5364 179.016 190.036
-35 -12.697 -98.6707 108.697 244.171
-35 -65.6824 -103.223 161.682 248.723
-35 -69.2277 -116.031 165.228 261.531
-35 -60.2273 -118.346 156.227 263.846
-35 -80.6626 -122.015 176.663 267.515
-35 21.0844 79.2053 74.9156 66.2947
-35 -82.9977 -7.15164 178.998 152.652
-35 62.2942 16.8943 33.7058 128.606
-35 -73.5103 26.6078 169.51 118.892
-35 -31.3405 45.3331 127.341 100.167
-35 -76.9454 -35.7487 172.945 181.249
-35 24.9611 -27.1673 71.0389 172.667
-35 -66.2551 -76.3626 162.255 221.863
-35 -29.6674 -24.9409 125.667 170.441
-35 35.6502 -68.3904 60.3498 213.89
-35 55.5467 -83.8664 40.4533 229.366
-35 -81.2067 37.2095 177.207 108.29
-35 38.0363 -0.919464 57.9637 146.419
-35 49.0093 66.5733 46.9907 78.9267
-35 -16.688 -41.0992 112.688 186.599
-35 51.3078 -55.572 44.6922 201.072
-35 28.6184 -60.6835 67.3816 206.184
-35 47.3697 42.9051 48.6303 102.595
-35 -35.7742 80.1169 131.774 65.3831
-35 40.7241 69.4122 55.2759 76.0878
-35 45.7439 -9.44704 50.2561 154.947
-35 -66.0766 -27.192 162.077 172.692
-35 21.1098 -0.584259 74.8902 146.084
-35 50.9168 1.15421 45.0832 144.346
-35 -78.0789 27.8532 174.079 117.647
-35 -49.0856 82.2945 145.086 63.2055
-35 -19.2486 -11.6819 115.249 157.182
-35 30.1216 73.4241 65.8784 72.0759
-35 -28.916 -103.78 124.916 249.28
-35 -33.8838 -20.094 129.884 165.594
-35 8.24532 -59.2319 87.7547 204.732
-35 -83.4486 17.8989 179.449 127.601
-35 -76.8788 134.717 172.879 10.783
-35 -42.7971 -5.20866 138.797 150.709
-35 -79.4224 72.0445 175.422 73.4555
-35 -13.7437 -121.549 109.744 267.049
-35 -52.1154 -106.831 148.115 252.331
-35 -12.9042 -36.71 108.904 182.21
-35 34.6674 9.31863 61.3326 136.181
-35 75.4894 -30.286 20.5106 175.786
-35 -47.1113 -11.7702 143.111 157.27
-35 76.9301 132.137 19.0699 13.3629
-35 -9.67673 64.9592 105.677 80.5408
-35 53.962 56.8913 42.038 88.6087
-35 -31.6743 17.3232 127.674 128.177
-35 -57.2437 10.6053 153.244 134.895
-35 49.128 17.9746 46.872 127.525
-35 -27.9809 51.3808 123.981 94.1192
-35 -39.1811 -18.4511 135.181 163.951
-35 23.7118 53.6247 72.2882 91.8753
-35 -77.3073 -82.3438 173.307 227.844
-35 71.6334 63.2412 24.3666 82.2588
-35 -48.9924 127.708 144.992 17.7919
-35 -4.25502 70.6548 100.255 74.8452
-35 8.47465 53.4247 87.5254 92.0753
-35 -34.8487 -76.0043 130.849 221.504
-35 22.1527 91.1967 73.8473 54.3033
-35 -47.7377 -41.0022 143.738 186.502
-35 -57.0055 -91.7604 153.006 237.26
-35 -68.1201 -99.4281 164.12 244.928
-35 -74.818 20.3763 170.818 125.124
-35 51.2054 57.1423 44.7946 88.3577
-35 39.4823 -53.013 56.5177 198.513
-35 -48.2996 -9.88588 144.3 155.386
-35 -57.9896 -54.6632 153.99 200.163
-35 71.7581 95.8408 24.2419 49.6592
-35 43.9009 -4.25583 52.0991 149.756
-35 46.6163 -34.9302 49.3837 180.43
-35 4.81487 21.273 91.1851 124.227
-35 -1.765 -34.5279 97.765 180.028
-35 83.9464 -59.0229 12.0536 204.523
-35 37.5525 77.783 58.4475 67.717
-35 34.504 5.62883 61.496 139.871
-35 66.6493 -117.45 29.3507 262.95
-35 -75.7239 33.4697 171.724 112.03
-35 -44.8682 63.4709 140.868 82.0291
-35 72.5949 -82.9591 23.4051 228.459
-35 5.72602 -107.556 90.274 253.056
-35 20.8891 45.6881 75.1109 99.8119
-35 17.9153 -62.4993 78.0847 207.999
-35 14.0303 45.7969 81.9697 99.7031
-35 -40.9944 -18.0742 136.994 163.574
-35 84.9656 -51.0302 11.0344 196.53
-35 -47.9819 -42.0456 143.982 187.546
-35 -14.3764 -13.4243 110.376 158.924
-35 16.7533 -42.8086 79.2467 188.309
-35 -77.057 54.3856 173.057 91.1144
-35 72.713 67.012 23.287 78.488
-35 -78.2 -115.241 174.2 260.741
-35 -63.4494 2.33295 159.449 143.167
-35 -10.4076 -2.43672 106.408 147.937
-35 -11.1521 -4.16083 107.152 149.661
-35 61.5123 58.4367 34.4877 87.0633
-35 -81.2546 83.6788 177.255 61.8212
-35 -50.4137 -81.2624 146.414 226.762
-35 14.1506 -41.3662 81.8494 186.866
-35 73.7889 -102.818 22.2111 248.318
-35 23.5473 -44.0332 72.4527 189.533
-35 -50.1832 72.5199 146.183 72.9801
-35 74.3236 -42.2608 21.6764 187.761
-35 0.159256 43.692 95.8407 101.808
-35 -83.1959 6.71968 179.196 138.78
-35 21.5469 -64.5278 74.4531 210.028
-35 77.7118 -45.0093 18.2882 190.509
-35 -40.0503 -57.3384 136.05 202.838
-35 6.21851 -57.7171 89.7815 203.217
-35 -20.4288 87.2047 116.429 58.2953
-35 77.3531 -21.6536 18.6469 167.154
-35 -6.40287 -33.6334 102.403 179.133
-35 -71.5685 -30.3679 167.568 175.868
-35 81.6897 77.0656 14.3103 68.4344
-35 -58.9927 85.6745 154.993 59.8255
-35 55.8382 10.5429 40.1618 134.957
-35 13.1274 23.2431 82.8726 122.257
-35 -0.773117 -56.6631 96.7731 202.163
-35 30.5818 -64.3834 65.4182 209.883
-35 -1.58133 28.8531 97.5813 116.647
-35 10.6787 -49.2016 85.3213 194.702
-35 -44.034 76.24 140.034 69.26
-35 5.18432 -62.1557 90.8157 207.656
-35 -14.8862 -32.8476 110.886 178.348
-35 56.7105 -2.09634 39.2895 147.596
-35 -83.2835 -17.8581 179.284 163.358
-35 32.3212 -22.7293 63.6788 168.229
-35 -45.7602 75.5858 141.76 69.9142
-35 -18.0457 -61.5407 114.046 207.041
-35 -0.182808 -48.353 96.1828 193.853
-35 25.9348 62.3681 70.0652 83.1319
-35 80.7542 -107.498 15.2458 252.998
-35 -72.0055 -44.4186 168.005 189.919
-35 -67.8701 13.7021 163.87 131.798
-35 52.5907 18.4468 43.4093 127.053
-35 51.8089 -46.6521 44.1911 192.152
-35 -63.4087 11.5693 159.409 133.931
-35 -52.237 -89.4357 148.237 234.936
-35 50.5009 72.0104 45.4991 73.4896
-35 27.3943 -98.4668 68.6057 243.967
-35 -50.3168 -73.1208 146.317 218.621
-35 1.16074 -12.0852 94.8393 157.585
-35 -38.8034 13.7043 134.803 131.796
-35 -9.61257 -15.0391 105.613 160.539
-35 79.4989 -104.517 16.5011 250.017
-35 82.0921 79.042 13.9079 66.458
-35 40.6549 76.5577 55.3451 68.9423
-35 58.9404 28.5497 37.0596 116.95
-35 65.9586 -107.085 30.0414 252.585
-35 -8.74108 -21.4448 104.741 166.945
-35 -8.28493 -16.6206 104.285 162.121
-35 83.8011 64.3684 12.1989 81.1316
-35 -25.7911 -9.33797 121.791 154.838
-35 59.7162 86.6707 36.2838 58.8293
-35 58.8704 -121.348 37.1296 266.848
-35 57.6736 25.9414 38.3264 119.559
-35 -46.0184 -16.146 142.018 161.646
-35 -26.2354 -128.901 122.235 274.401
-35 43.9531 9.04659 52.0469 136.453
-35 52.8365 -34.5574 43.1635 180.057
-35 -1.71626 2.94063 97.7163 142.559
-35 71.2887 114.421 24.7113 31.0785
-35 -76.4491 -122.393 172.449 267.893
-35 59.1515 -118.815 36.8485 264.315
-35 0.416702 -114.549 95.5833 260.049
-35 81.0592 -64.6114 14.9408 210.111
-35 -78.2551 -1.52176 174.255 147.022
-35 58.8754 66.7469 37.1246 78.7531
-35 38.1232 91.116 57.8768 54.384
-35 58.5581 -92.7246 37.4419 238.225
-35 40.7213 102.17 55.2787 43.3298
-35 40.759 100.885 55.241 44.6151
-35 56.7188 23.1423 39.2812 122.358
-35 -62.0376 -114.034 158.038 259.534
-35 -40.0724 -27.2759 136.072 172.776
-35 -21.8715 -18.6328 117.872 164.133
-35 9.15387 9.98352 86.8461 135.516
-35 -35.9541 61.2082 131.954 84.2918
-35 -78.3564 11.3386 174.356 134.161
-35 -1.03719 23.302 97.0372 122.198
-35 -36.5053 -57.442 132.505 202.942
-35 69.2645 -45.4371 26.7355 190.937
-35 -63.6364 -91.1245 159.636 236.625
-35 4.36794 -51.0312 91.6321 196.531
-35 -69.8397 -120.806 165.84 266.306
-35 -52.0573 -114.146 148.057 259.646
-35 55.3646 -26.5709 40.6354 172.071
-35 42.8184 84.6431 53.1816 60.8569
-35 -51.5892 -48.0072 147.589 193.507
-35 -52.682 -46.8445 148.682 192.344
-35 -46.302 -94.7317 142.302 240.232
-35 60.4495 -109.156 35.5505 254.656
-35 0.268585 60.2191 95.7314 85.2809
-35 48.1 -89.3013 47.9 234.801
-35 -2.4358 -3.37611 98.4358 148.876
-35 25.4272 -19.4538 70.5728 164.954
-35 80.7682 -61.6044 15.2318 207.104
-35 -43.9412 -49.06 139.941 194.56
-35 -48.6171 94.3569 144.617 51.1431
-35 31.4165 -102.004 64.5835 247.504
-35 54.8012 -38.2629 41.1988 183.763
-35 63.5958 -27.1187 32.4042 172.619
-35 -27.7207 9.53131 123.721 135.969
-35 22.6651 -24.3003 73.3349 169.8
-35 -57.05 -93.4725 153.05 238.972
-35 -65.9457 45.5493 161.946 99.9507
-35 -63.2931 -93.9692 159.293 239.469
-35 65.3514 42.8812 30.6486 102.619
-35 58.2068 -110.048 37.7932 255.548
-35 -17.186 77.7128 113.186 67.7872
-35 -47.3159 86.0219 143.316 59.4781
-35 78.7274 81.0886 17.2726 64.4114
-35 79.3631 70.8086 16.6369 74.6914
-35 -70.8779 -0.443634 166.878 145.944
-35 -40.3289 -94.1008 136.329 239.601
-35 19.2705 100.453 76.7295 45.0471
-35 81.2489 -28.4378 14.7511 173.938
-35 22.8965 16.5925 73.1035 128.907
-35 62.3832 6.8083 33.6168 138.692
-35 -42.8694 53.3725 138.869 92.1275
-35 -20.6935 76.4927 116.694 69.0073
-35 40.0123 25.7478 55.9877 119.752
-35 -78.4493 -119.189 174.449 264.689
-35 3.73911 28.4574 92.2609 117.043
-35 23.6306 20.0277 72.3694 125.472
-35 84.2662 -34.6466 11.7338 180.147
-35 -26.3589 21.5286 122.359 123.971
-35 70.2171 55.1901 25.7829 90.3099
-35 -44.6368 -114.781 140.637 260.281
-35 62.5445 128.404 33.4555 17.0963
-35 -50.0693 22.7673 146.069 122.733
-35 73.2038 106.448 22.7962 39.0522
-35 32.9404 73.5208 63.0596 71.9792
-35 -37.2676 97.5374 133.268 47.9626
-35 -47.7881 -29.5158 143.788 175.016
-35 -57.6393 80.4144 153.639 65.0856
-35 -20.3189 96.8065 116.319 48.6935
-35 -46.784 24.803 142.784 120.697
-35 19.2316 103.316 76.7684 42.1842
-35 83.4683 62.0421 12.5317 83.4579
-35 -53.1436 2.92587 149.144 142.574
-35 -5.42227 98.3126 101.422 47.1874
-35 72.9767 126.686 23.0233 18.8144
-35 -40.5311 41.2681 136.531 104.232
-35 8.05846 91.4359 87.9415 54.0641
-35 15.6044 -119.613 80.3956 265.113
-35 -34.9595 -93.1301 130.959 238.63
-35 -76.0966 -110.807 172.097 256.307
-35 -74.9861 -7.24687 170.986 152.747
-35 55.4048 45.0984 40.5952 100.402
-35 -50.7773 94.5537 146.777 50.9463
-35 -43.0701 -74.1081 139.07 219.608
-35 -40.8082 -67.2676 136.808 212.768
-35 77.9634 -125.407 18.0366 270.907
-35 -47.5203 96.7646 143.52 48.7354
-35 -56.1971 -99.1204 152.197 244.62
-35 -24.4064 96.5945 120.406 48.9055
-35 -55.7516 3.08063 151.752 142.419
-35 -79.2896 -61.2176 175.29 206.718
-35 -28.3509 -68.5878 124.351 214.088
-35 44.5242 80.4117 51.4758 65.0883
-35 29.8644 -48.2031 66.1356 193.703
-35 22.2304 13.257 73.7696 132.243
-35 33.2297 -41.3618 62.7703 186.862
-35 67.9947 120.502 28.0053 24.9976
-35 84.1364 -7.42558 11.8636 152.926
-35 -53.852 -1.36816 149.852 146.868
-35 59.7304 37.3032 36.2696 108.197
-35 -37.5519 95.4269 133.552 50.0731
-35 4.67755 99.4036 91.3224 46.0964
-35 57.1398 103.723 38.8602 41.7774
-35 39.4395 -86.1251 56.5605 231.625
-35 -39.2722 88.4883 135.272 57.0117
-35 66.0395 -99.7329 29.9605 245.233
-35 26.8747 34.9977 69.1253 110.502
-35 44.6609 -60.5997 51.3391 206.1
-35 -44.6561 -56.1455 140.656 201.646
-35 12.6242 -1.20998 83.3758 146.71
-35 -37.2349 -46.8258 133.235 192.326
-35 57.7722 -105.716 38.2278 251.216
-35 -50.4867 97.5803 146.487 47.9197
-35 -44.3549 -35.3043 140.355 180.804
-35 18.4279 -109.151 77.5721 254.651
-35 74.7874 122.591 21.2126 22.9094
-35 81.4787 92.9622 14.5213 52.5378
-35 35.5207 -109.829 60.4793 255.329
-35 -53.9762 -9.4409 149.976 154.941
-35 -57.0296 96.602 153.03 48.898
-35 -16.7681 -71.2785 112.768 216.778
-35 -38.8716 -43.8664 134.872 189.366
-35 -7.94984 101.493 103.95 44.0071
-35 -44.1862 123.217 140.186 22.2832
-35 71.933 123.637 24.067 21.8627
-35 -39.4359 -45.1669 135.436 190.667
-35 5.90711 9.35143 90.0929 136.149
-35 -7.00053 19.946 103.001 125.554
-35 -74.6218 -1.29651 170.622 146.797
-35 3.35565 -3.88474 92.6443 149.385
-35 6.18398 -119.29 89.816 264.79
-35 -61.3481 93.5086 157.348 51.9914
-35 -54.3721 100.478 150.372 45.0225
-35 17.9441 -71.8724 78.0559 217.372
-35 -34.6934 76 130.693 69.5
-35 -62.5576 93.7222 158.558 51.7778
-35 8.63029 99.4527 87.3697 46.0473
-35 31.401 -27.5862 64.599 173.086
-35 -8.64891 131.765 104.649 13.735
-35 -32.056 92.1908 128.056 53.3092
-35 -5.48468 25.3332 101.485 120.167
-35 -35.7935 -100.36 131.794 245.86
-35 62.8313 26.5606 33.1687 118.939
-35 -57.9824 93.5462 153.982 51.9538
-35 3.82801 -77.6069 92.172 223.107
-35 -54.0401 -65.4352 150.04 210.935
-35 57.4899 106.09 38.5101 39.4098
-35 0.263268 9.33798 95.7367 136.162
-35 -68.9202 69.7504 164.92 75.7496
-35 -28.0503 -48.7171 124.05 194.217
-35 -22.182 118.375 118.182 27.1251
-35 -47.2998 -66.4219 143.3 211.922
-35 -0.211777 101.31 96.2118 44.1903
-35 -7.08794 -68.9999 103.088 214.5
-35 -45.2523 -69.5517 141.252 215.052
-35 -5.24474 1.17793 101.245 144.322
-35 -35.6897 -10.8934 131.69 156.393
-35 -48.5783 -34.9205 144.578 180.421
-35 -32.3851 78.6921 128.385 66.8079
-35 61.8824 -8.18222 34.1176 153.682
-35 37.9384 38.0808 58.0616 107.419
-35 14.3813 -10.7985 81.6187 156.299
-35 -74.4751 41.3472 170.475 104.153
-35 78.8702 29.7723 17.1298 115.728
-35 -0.955238 -129.332 96.9552 274.832
-35 5.81708 100.85 90.1829 44.6505
-35 -27.9276 -44.6449 123.928 190.145
-35 4.45736 101.748 91.5426 43.7519
-35 -36.3362 -42.1122 132.336 187.612
-35 -64.6497 -63.6057 160.65 209.106
-35 76.1801 57.2242 19.8199 88.2758
-35 -19.2494 127.082 115.249 18.4176
-35 -11.3975 -68.5531 107.398 214.053
-35 -5.48313 -24.1214 101.483 169.621
-35 -41.8367 89.4198 137.837 56.0802
-35 -45.2264 -5.62329 141.226 151.123
-35 74.7921 51.0436 21.2079 94.4564
-35 -45.262 -59.5263 141.262 205.026
-35 60.9349 -58.4363 35.0651 203.936
-35 -14.1402 4.76456 110.14 140.735
-35 71.0565 33.5854 24.9435 111.915
-35 79.5713 -123.794 16.4287 269.294
-35 81.387 -87.645 14.613 233.145
-35 -78.399 91.3131 174.399 54.1869
-35 56.9337 -30.3986 39.0663 175.899
-35 36.4352 37.7749 59.5648 107.725
-35 26.3221 128.417 69.6779 17.0833
-35 -75.6292 96.6636 171.629 48.8364
-35 -33.1364 93.6737 129.136 51.8263
-35 73.4138 49.5168 22.5862 95.9832
-35 73.9986 -127.276 22.0014 272.776
-35 -34.6808 98.2042 130.681 47.2958
-35 -3.59379 11.9439 99.5938 133.556
-35 -45.7034 2.5854 141.703 142.915
-35 54.6046 2.97652 41.3954 142.523
-35 29.4889 112.92 66.5111 32.5795
-35 -22.0706 -53.7004 118.071 199.2
-35 -8.70673 -74.7364 104.707 220.236
-35 30.2788 96.495 65.7212 49.005
-35 52.5941 114.567 43.4059 30.933
-35 -71.7654 -62.3001 167.765 207.8
-35 -9.9703 -72.5413 105.97 218.041
-35 50.4288 114.361 45.5712 31.1387
-35 -21.2969 3.92123 117.297 141.579
-35 76.4869 47.4495 19.5131 98.0505
-35 55.3718 116.425 40.6282 29.0746
-35 -9.673 82.1825 105.673 63.3175
-35 -74.4198 -59.5083 170.42 205.008
-35 47.0245 127.802 48.9755 17.698
-35 45.2747 -124.148 50.7253 269.648
-35 73.3797 24.1135 22.6203 121.386
-35 -0.450981 98.7038 96.451 46.7962
-35 38.7694 -30.4664 57.2306 175.966
-35 -3.07462 -19.1835 99.0746 164.683
-35 4.54928 127.306 91.4507 18.194
-35 47.9603 96.7424 48.0397 48.7576
-35 84.0885 41.3547 11.9115 104.145
-35 22.0163 -56.8896 73.9837 202.39
-35 25.7557 127.024 70.2443 18.476
-35 25.6457 -65.347 70.3543 210.847
-35 28.5146 116.679 67.4854 28.8208
-35 67.9035 57.2659 28.0965 88.2341
-35 79.8458 18.0578 16.1542 127.442
-35 -40.0678 29.324 136.068 116.176
-35 -0.657242 -70.479 96.6572 215.979
-35 -16.5885 9.09819 112.588 136.402
-35 26.1145 131.559 69.8855 13.941
-35 2.57946 126.864 93.4205 18.6363
-35 -17.5903 22.368 113.59 123.132
-35 -7.30637 34.1665 103.306 111.334
-35 13.1727 99.7875 82.8273 45.7125
-35 12.145 107.856 83.855 37.6438
-35 51.7852 49.8257 44.2148 95.6743
-35 -5.3642 -112.994 101.364 258.494
-35 -42.9412 -49.6478 138.941 195.148
-35 7.14767 113.155 88.8523 32.3452
-35 64.257 -8.64644 31.743 154.146
-35 -1.12175 37.4391 97.1217 108.061
-35 -4.19068 127.599 100.191 17.9005
-35 -0.224831 -18.5576 96.2248 164.058
-35 70.7445 76.3987 25.2555 69.1013
-35 -13.911 123.23 109.911 22.2696
-35 -13.3437 108.076 109.344 37.424
-35 -49.3808 -0.227325 145.381 145.727
-35 -36.8655 -7.50209 132.866 153.002
-35 -10.3504 -33.5947 106.35 179.095
-35 54.3657 35.6346 41.6343 109.865
-35 41.885 -91.3119 54.115 236.812
-35 -32.9616 -40.7227 128.962 186.223
-35 -42.9424 97.7277 138.942 47.7723
-35 -67.8702 6.10699 163.87 139.393
-35 -43.7333 30.0826 139.733 115.417
-35 -29.9651 103.8 125.965 41.6998
-35 -71.8675 -53.4173 167.868 198.917
-35 34.4808 128.48 61.5192 17.0203
-35 27.2184 9.87665 68.7816 135.623
-35 48.0599 98.0509 47.9401 47.4491
-35 -72.6296 15.8143 168.63 129.686
-35 -16.2565 -17.7289 112.257 163.229
-35 -40.857 120.016 136.857 25.4841
-35 -27.7284 -52.2924 123.728 197.792
-35 -47.8374 115.851 143.837 29.6488
-35 82.1727 -2.45351 13.8273 147.954
-35 48.4153 -125.519 47.5847 271.019
-35 -41.9264 127.611 137.926 17.8892
-35 37.7249 128.102 58.2751 17.3979
-35 -13.6968 -56.8563 109.697 202.356
-35 -59.673 118.986 155.673 26.5142
-35 -80.0606 -65.8219 176.061 211.322
-35 -13.9737 120.838 109.974 24.6619
-35 35.5419 -32.9646 60.4581 178.465
-35 -4.82913 123.468 100.829 22.0321
-35 29.8866 -35.409 66.1134 180.909
-35 -13.3167 -53.265 109.317 198.765
-35 44.6587 -33.6595 51.3413 179.159
5.12789 -96 104.116 40.1279 41.3841
15.9278 -96 -101.107 50.9278 246.607
21.4203 -96 97.515 56.4203 47.985
-0.682758 -96 83.4859 34.3172 62.0141
-17.9154 -96 86.4942 17.0846 59.0058
-17.1017 -96 -49.5644 17.8983 195.064
-6.73315 -96 -58.2415 28.2668 203.742
-6.67263 -96 -53.4748 28.3274 198.975
12.031 -96 111.28 47.031 34.2202
-7.88584 -96 -60.6485 27.1142 206.149
-10.5792 -96 -11.4479 24.4208 156.948
-14.8664 -96 77.6515 20.1336 67.8485
-19.299 -96 104.702 15.701 40.7976
-12.6639 -96 99.0226 22.3361 46.4774
-7.57379 -96 -49.4787 27.4262 194.979
-5.30129 -96 -59.4775 29.6987 204.978
15.1708 -96 88.637 50.1708 56.863
10.4995 -96 -106.881 45.4995 252.381
8.00694 -96 -104.725 43.0069 250.225
-12.5923 -96 75.7179 22.4077 69.7821
3.05598 -96 -26.9992 38.056 172.499
14.0637 -96 -93.7508 49.0637 239.251
-4.72438 -96 -50.6505 30.2756 196.151
12.8956 -96 88.7199 47.8956 56.7801
12.6986 -96 126.078 47.6986 19.4216
-21.2356 -96 -1.85899 13.7644 147.359
16.7088 -96 90.3327 51.7088 55.1673
-14.0057 -96 21.8386 20.9943 123.661
22.7962 -96 89.4932 57.7962 56.0068
-4.60914 -96 105.745 30.3909 39.7545
3.66915 -96 93.933 38.6692 51.567
-9.82171 -96 79.6879 25.1783 65.8121
-3.72435 -96 103.383 31.2757 42.1167
12.746 -96 119.011 47.746 26.4892
-6.34437 -96 78.2453 28.6556 67.2547
-12.8096 -96 -118.492 22.1904 263.992
14.4104 -96 21.7932 49.4104 123.707
-17.8261 -96 -55.5551 17.1739 201.055
-11.3951 -96 -118.46 23.6049 263.96
-10.7354 -96 83.0007 24.2646 62.4993
14.0777 -96 -13.0069 49.0777 158.507
-3.14265 -96 90.5501 31.8574 54.9499
4.6668 -96 116.544 39.6668 28.956
12.1045 -96 122.691 47.1045 22.8088
2.89748 -96 -106.278 37.8975 251.778
-18.0859 -96 -2.14719 16.9141 147.647
-6.7865 -96 84.2199 28.2135 61.2801
-16.836 -96 -89.3071 18.164 234.807
-12.9907 -96 -21.1129 22.0093 166.613
-11.9672 -96 110.624 23.0328 34.8757
14.0885 -96 2.2796 49.0885 143.22
15.7383 -96 -18.1538 50.7383 163.654
-18.7494 -96 -113.731 16.2506 259.231
-6.81236 -96 -19.1348 28.1876 164.635
10.2836 -96 -9.33751 45.2836 154.838
6.11742 -96 -17.4757 41.1174 162.976
-4.1177 -96 -20.8118 30.8823 166.312
-0.893345 -96 -18.3778 34.1067 163.878
-20.8762 -96 -68.453 14.1238 213.953
5.85612 -96 21.6347 40.8561 123.865
-16.782 -96 -69.5814 18.218 215.081
4.67272 -96 -8.75542 39.6727 154.255
-20.0147 -96 -100.992 14.9853 246.492
-0.400345 -96 -89.5722 34.5997 235.072
-0.712082 -96 -113.187 34.2879 258.687
-0.344879 -96 45.4195 34.6551 100.08
-17.055 -96 -80.5172 17.945 226.017
-12.2866 -96 -72.0677 22.7134 217.568
9.71254 -96 -113.642 44.7125 259.142
12.6356 -96 -20.5873 47.6356 166.087
17.3292 -96 -67.1378 52.3292 212.638
10.632 -96 -80.8537 45.632 226.354
8.69115 -96 -127.279 43.6911 272.779
14.1926 -96 -59.871 49.1926 205.371
10.7358 -96 -59.7331 45.7358 205.233
-14.4743 -96 -106.801 20.5257 252.301
-12.7285 -96 41.4815 22.2715 104.019
23.2575 -96 6.54179 58.2575 138.958
4.51395 -96 41.0881 39.514 104.412
6.32104 -96 -90.1095 41.321 235.609
-11.3396 -96 46.5466 23.6604 98.9534
10.8313 -96 -62.041 45.8313 207.541
-4.51727 -96 -40.2344 30.4827 185.734
-18.3182 -96 36.5386 16.6818 108.961
15.0215 -96 -70.8784 50.0215 216.378
19.1908 -96 -30.0107 54.1908 175.511
11.0204 -96 -42.6257 46.0204 188.126
-1.17088 -96 68.045 33.8291 77.455
18.1454 -96 -113.627 53.1454 259.127
10.8369 -96 -40.3362 45.8369 185.836
1.40981 -96 -42.1348 36.4098 187.635
-18.9192 -96 12.8039 16.0808 132.696
14.4236 -96 -132.225 49.4236 277.725
-12.5979 -96 -126.712 22.4021 272.212
1.21323 -96 21.4877 36.2132 124.012
-17.2756 -96 -94.8287 17.7244 240.329
-13.137 -96 -122.259 21.863 267.759
18.0943 -96 45.3255 53.0943 100.174
13.8745 -96 -50.8941 48.8745 196.394
-0.629475 -96 -86.2603 34.3705 231.76
19.9066 -96 40.4518 54.9066 105.048
13.4276 -96 -1.11536 48.4276 146.615
-13.582 -96 -104.734 21.418 250.234
13.6292 -96 12.9987 48.6292 132.501
-7.56857 -96 36.8683 27.4314 108.632
10.3103 -96 -55.1958 45.3103 200.696
7.21177 -96 36.436 42.2118 109.064
15.4829 -96 12.8615 50.4829 132.639
-4.43283 -96 33.3736 30.5672 112.126
14.5164 -96 -124.571 49.5164 270.071
4.5339 -96 79.7209 39.5339 65.7791
-2.45851 -96 7.00539 32.5415 138.495
-15.1633 -96 38.1478 19.8367 107.352
-22.4983 -96 -80.2962 12.5017 225.796
7.93517 -96 41.3252 42.9352 104.175
8.83219 -96 69.8584 43.8322 75.6416
-6.95711 -96 -34.1631 28.0429 179.663
7.07885 -96 -59.9886 42.0788 205.489
-4.44851 -96 28.5924 30.5515 116.908
0.56636 -96 129.175 35.5664 16.3247
6.00448 -96 -55.0653 41.0045 200.565
5.87249 -96 -53.7723 40.8725 199.272
5.28225 -96 7.17688 40.2822 138.323
0.655136 -96 8.3604 35.6551 137.14
9.62011 -96 -119.151 44.6201 264.651
6.02104 -96 52.4499 41.021 93.0501
6.42602 -96 45.0398 41.426 100.46
-4.55367 -96 2.52983 30.4463 142.97
8.43559 -96 28.6458 43.4356 116.854
10.0831 -96 13.3527 45.0831 132.147
-4.7532 -96 -113.66 30.2468 259.16
6.45814 -96 59.391 41.4581 86.109
3.75592 -96 77.9603 38.7559 67.5397
4.97557 -96 58.8712 39.9756 86.6288
1.5416 -96 52.3444 36.5416 93.1556
-4.7039 -96 -4.18143 30.2961 149.681
-6.32498 -96 40.4289 28.675 105.071
-10.2641 -96 -104.671 24.7359 250.171
-8.12193 -96 -128.129 26.8781 273.629
1.21767 -96 -56.3369 36.2177 201.837
-5.71546 -96 -115.286 29.2845 260.786
20.3637 -96 -123.272 55.3637 268.772
