27.5 41.9482 -79.5228 208.896 359.046
27.5 -45.115 -78.7533 34.7699 357.507
27.5 47.3123 -90.1668 219.625 380.334
27.5 15.2579 25.124 155.516 149.752
27.5 -44.8682 -2.84776 35.2636 205.696
27.5 52.0317 -87.5627 229.063 375.125
27.5 -0.477901 -5.13006 124.044 210.26
27.5 -18.0426 25.8216 88.9147 148.357
27.5 49.5387 -80.1306 224.077 360.261
27.5 23.2102 55.8433 171.42 88.3135
27.5 36.8646 -2.33679 198.729 204.674
27.5 54.4227 -74.2608 233.845 348.522
27.5 54.4196 -29.9756 233.839 259.951
27.5 22.6065 -21.5319 170.213 243.064
27.5 -18.4932 56.8779 88.0136 86.2443
27.5 49.6842 -22.8396 224.368 245.679
27.5 38.9017 57.6914 202.803 84.6173
27.5 26.8477 -19.32 178.695 238.64
27.5 7.08643 63.9763 139.173 72.0475
27.5 53.9066 -36.2385 232.813 272.477
27.5 49.5133 -13.4712 224.027 226.942
27.5 40.4057 10.6182 205.811 178.764
27.5 43.3126 69.8659 211.625 60.2682
27.5 -12.6056 57.0721 99.7887 85.8557
27.5 -52.6187 -21.981 19.7625 243.962
27.5 -50.5826 -89.2294 23.8348 378.459
27.5 29.1083 55.843 183.217 88.314
27.5 48.0101 45.534 221.02 108.932
27.5 -17.9342 25.6526 89.1315 148.695
27.5 54.2667 -80.5593 233.533 361.119
27.5 5.14227 60.0644 135.285 79.8712
27.5 4.48461 60.7515 133.969 78.4969
27.5 -46.763 71.7549 31.474 56.4902
27.5 -47.1303 71.2938 30.7393 57.4124
27.5 47.8254 -1.91866 220.651 203.837
27.5 14.63 60.4843 154.26 79.0315
27.5 -52.5056 -12.7008 19.9888 225.402
27.5 -51.1836 47.0136 22.6329 105.973
27.5 -7.55246 -6.56081 109.895 213.122
27.5 -11.424 29.248 102.152 141.504
27.5 51.2761 -27.5646 227.552 255.129
27.5 45.0711 62.9275 215.142 74.145
27.5 54.2606 17.1115 233.521 165.777
27.5 -54.2924 -26.6947 16.4152 253.389
27.5 51.9069 28.4499 228.814 143.1
27.5 3.09387 55.942 131.188 88.1159
27.5 -52.7299 -79.3479 19.5402 358.696
27.5 -55.0826 -86.7075 14.8348 373.415
27.5 13.3965 3.24236 151.793 193.515
27.5 -26.5291 71.0267 71.9417 57.9467
27.5 -48.4485 64.8786 28.103 70.2429
27.5 54.3126 10.5473 233.625 178.905
27.5 39.4619 78.3608 203.924 43.2784
27.5 49.5716 33.1014 224.143 133.797
27.5 -16.1399 60.0222 92.7201 79.9556
27.5 -57.0249 -35.3906 10.9503 270.781
27.5 -12.0334 2.24072 100.933 195.519
27.5 -6.90617 -9.54056 111.188 219.081
27.5 -54.8749 29.8269 15.2502 140.346
27.5 53.9814 -22.7745 232.963 245.549
27.5 -27.215 61.1175 70.57 77.765
27.5 -50.9149 -0.923546 23.1703 201.847
27.5 -7.12479 60.8232 110.75 78.3536
27.5 49.1228 66.5757 223.246 66.8486
27.5 -34.202 -22.8206 56.5961 245.641
27.5 -52.4811 68.4724 20.0379 63.0551
27.5 35.7474 -16.6013 196.495 233.203
27.5 53.969 -13.6258 232.938 227.252
27.5 49.3975 59.6731 223.795 80.6538
27.5 -49.7067 -16.9767 25.5865 233.953
27.5 -52.6225 34.4433 19.7549 131.113
27.5 51.4225 77.5788 227.845 44.8425
27.5 25.5223 59.0335 176.045 81.9329
27.5 53.8723 66.3998 232.745 67.2003
27.5 -38.2182 29.4984 48.5637 141.003
27.5 53.7064 59.5259 232.413 80.9482
27.5 34.9614 28.4319 194.923 143.136
27.5 10.1241 25.0655 145.248 149.869
27.5 1.5497 -26.6355 128.099 253.271
27.5 -28.8534 1.71094 67.2931 196.578
27.5 -57.0993 18.326 10.8013 163.348
27.5 -54.6977 79.498 15.6046 41.004
27.5 54.1934 32.9809 233.387 134.038
27.5 -2.65487 58.8444 119.69 82.3111
27.5 -57.1006 68.2803 10.7989 63.4394
27.5 55.2852 45.3032 235.57 109.394
27.5 14.7904 -15.5104 154.581 231.021
27.5 -6.90883 -8.45006 111.182 216.9
27.5 -42.9912 80.3008 39.0177 39.3984
27.5 34.3221 59.4981 193.644 81.0039
27.5 31.1676 -20.9251 187.335 241.85
27.5 39.4027 29.2032 203.805 141.594
27.5 12.8424 55.3162 150.685 89.3676
27.5 14.466 -66.496 153.932 332.992
27.5 -42.5224 30.215 39.9552 139.57
27.5 49.8193 17.4389 224.639 165.122
27.5 -29.9036 56.6881 65.1928 86.6239
27.5 12.4784 55.2799 149.957 89.4402
27.5 -45.1647 -15.0355 34.6706 230.071
27.5 -44.6624 4.29742 35.6752 191.405
27.5 54.7737 -12.5369 234.547 225.074
27.5 44.6969 28.954 214.394 142.092
27.5 45.0829 32.5667 215.166 134.867
27.5 -40.4591 88.3796 44.0819 23.2407
27.5 20.4605 -1.32616 165.921 202.652
27.5 -38.8588 2.77824 47.2824 194.444
27.5 -17.8985 -2.06134 89.2029 204.123
27.5 44.5807 24.9825 214.161 150.035
27.5 48.502 83.1607 222.004 33.6786
27.5 48.8191 82.3022 222.638 35.3955
27.5 46.6347 -17.5003 218.269 235.001
27.5 -47.7418 30.1891 29.5165 139.622
27.5 49.035 24.5008 223.07 150.998
27.5 -48.177 33.8396 28.646 132.321
27.5 37.1262 86.7112 199.252 26.5776
27.5 33.6642 -17.98 192.328 235.96
27.5 7.82176 -27.9097 140.644 255.819
27.5 -51.7996 85.0619 21.4008 29.8762
27.5 49.7286 10.4696 224.457 179.061
27.5 -12.4409 6.51014 100.118 186.98
27.5 44.1411 78.0244 213.282 43.9512
27.5 44.5869 81.6387 214.174 36.7225
27.5 -55.1943 42.0374 14.6113 115.925
27.5 -9.9652 -74.6095 105.07 349.219
27.5 51.8683 -18.5056 228.737 237.011
27.5 -48.0379 83.5339 28.9241 32.9323
27.5 -0.972443 61.7796 123.055 76.4407
27.5 51.9914 40.5462 228.983 118.908
27.5 -47.4584 79.9531 30.0833 40.0938
27.5 -56.8898 61.3853 11.2205 77.2293
27.5 55.9565 -2.37479 236.913 204.75
27.5 -45.7042 91.8851 33.5916 16.2298
27.5 49.4324 25.8874 223.865 148.225
27.5 2.5387 21.3494 130.077 157.301
27.5 53.8714 82.3567 232.743 35.2866
27.5 42.5344 90.2262 210.069 19.5477
27.5 -52.8322 18.6564 19.3356 162.687
27.5 -38.5668 -59.1404 47.8664 318.281
27.5 43.1476 21.2044 211.295 157.591
27.5 -47.2337 26.3078 30.5326 147.384
27.5 -28.916 -8.14777 67.168 216.296
27.5 -52.6919 61.4095 19.6162 77.181
27.5 47.1103 37.3931 219.221 125.214
27.5 10.6049 -14.1581 146.21 228.316
27.5 22.2268 -15.2784 169.454 230.557
27.5 -52.1342 84.1871 20.7317 31.6258
27.5 4.97459 9.17857 134.949 181.643
27.5 -46.6064 22.1886 31.7873 155.623
27.5 -52.7494 11.5893 19.5011 176.821
27.5 -5.28646 9.33298 114.427 181.334
27.5 31.6375 90.2724 188.275 19.4551
27.5 28.0853 -8.59748 181.171 217.195
27.5 -25.9082 -7.53684 73.1836 215.074
27.5 -48.9442 -4.02333 27.1117 208.047
27.5 -44.1515 -17.0511 36.6969 234.102
27.5 56.6865 -9.41451 238.373 218.829
27.5 51.1383 89.9031 227.277 20.1938
27.5 -54.7944 -17.5234 15.4113 235.047
27.5 -38.8371 22.5181 47.3259 154.964
27.5 48.5186 73.6347 222.037 52.7306
27.5 -14.6871 -64.8356 95.6257 329.671
27.5 54.3872 25.8846 233.774 148.231
27.5 45.968 -84.2048 216.936 368.41
27.5 -19.093 63.3842 86.8141 73.2316
27.5 7.97855 87.9223 140.957 24.1554
27.5 10.9652 -26.3489 146.93 252.698
27.5 54.8081 24.2908 234.616 151.418
27.5 -52.0093 25.7096 20.9814 148.581
27.5 55.4343 23.6305 235.869 152.739
27.5 54.7975 73.019 234.595 53.962
27.5 45.829 1.71967 216.658 196.561
27.5 36.3446 -19.3884 197.689 238.777
27.5 46.6162 86.536 218.232 26.928
27.5 -23.7812 63.1624 77.4377 73.6752
27.5 -51.9198 75.4688 21.1603 49.0625
27.5 14.8544 -20.7427 154.709 241.485
27.5 -47.5253 -8.8011 29.9495 217.602
27.5 -37.6959 -11.0544 49.6082 222.109
27.5 43.9741 74.0561 212.948 51.8878
27.5 -57.1587 84.8414 10.6826 30.3173
27.5 -11.991 -9.99354 101.018 219.987
27.5 -34.8569 91.648 55.2861 16.704
27.5 -42.2125 -56.0779 40.575 312.156
27.5 -4.59164 -5.69465 115.817 211.389
27.5 48.9796 75.11 222.959 49.78
27.5 -46.3404 30.2553 32.3193 139.489
27.5 20.2099 9.68964 165.42 180.621
27.5 -47.2767 76.0233 30.4466 47.9533
27.5 -2.09709 -8.93619 120.806 217.872
27.5 53.8948 75.0434 232.79 49.9132
27.5 37.9365 92.4405 200.873 15.1191
27.5 -14.0035 -14.4698 96.9929 228.94
27.5 -2.38335 79.918 120.233 40.164
27.5 10.9479 -18.1658 146.896 236.332
27.5 -21.332 -5.67702 82.336 211.354
27.5 -49.0876 2.70228 26.8248 194.595
27.5 -54.6617 91.5961 15.6765 16.8078
27.5 45.5846 -9.64465 216.169 219.289
27.5 -52.4543 27.2568 20.0914 145.486
27.5 25.4252 -15.9621 175.85 231.924
27.5 -50.1391 38.7369 24.7218 122.526
27.5 54.2986 73.3761 233.597 53.2478
27.5 41.3695 21.9774 207.739 156.045
27.5 18.1586 62.1334 161.317 75.7331
27.5 -21.2447 -1.95333 82.5106 203.907
27.5 4.86088 86.4132 134.722 27.1736
27.5 3.47987 -10.4102 131.96 220.82
27.5 44.1852 2.74353 213.37 194.513
27.5 54.7345 3.33136 234.469 193.337
27.5 9.93731 -63.8788 144.875 327.758
27.5 -49.8492 88.4087 25.3016 23.1827
27.5 -0.755165 55.2839 123.49 89.4321
27.5 -54.9972 -93.4819 15.0057 386.964
27.5 49.5291 3.41484 224.058 193.17
27.5 -23.756 64.0156 77.4879 71.9688
27.5 40.0592 87.7605 205.118 24.479
27.5 -52.3188 77.0097 20.3625 45.9806
27.5 10.692 58.8385 146.384 82.323
27.5 45.9283 66.2711 216.857 67.4579
27.5 45.436 10.1451 215.872 179.71
27.5 36.5753 57.7058 198.151 84.5883
27.5 51.6769 -6.55899 228.354 213.118
27.5 45.0183 48.1164 215.037 103.767
27.5 46.6012 -17.7728 218.202 235.546
27.5 -49.4254 93.3651 26.1491 13.2698
27.5 4.38115 -6.90707 133.762 213.814
27.5 -5.26881 29.0398 114.462 141.92
27.5 -37.5711 7.35189 49.8577 185.296
27.5 30.128 -2.60926 185.256 205.219
27.5 39.4626 32.563 203.925 134.874
27.5 52.0714 3.46693 229.143 193.066
27.5 45.061 -15.0824 215.122 230.165
27.5 -37.1783 23.2774 50.6435 153.445
27.5 5.37716 10.6735 135.754 178.653
27.5 56.548 91.5099 238.096 16.9801
27.5 45.6507 16.9977 216.301 166.005
27.5 -10.4418 -1.63234 104.116 203.265
27.5 -41.2164 93.9664 42.5672 12.0671
27.5 30.7165 -5.96858 186.433 211.937
27.5 33.8798 19.4601 192.76 161.08
27.5 -54.8548 -5.53253 15.2904 211.065
27.5 -48.9593 -83.4436 27.0814 366.887
27.5 -43.3677 89.3042 38.2646 21.3916
27.5 46.2095 91.5878 217.419 16.8243
27.5 10.8397 7.12011 146.679 185.76
27.5 -54.7562 -70.9417 15.4876 341.883
27.5 -54.9587 51.6322 15.0826 96.7356
27.5 -49.0656 -8.37794 26.8689 216.756
27.5 -39.3398 -14.9893 46.3204 229.979
27.5 5.58828 13.3169 136.177 173.366
27.5 44.504 43.3895 214.008 113.221
27.5 -32.3582 -6.24438 60.2836 212.489
27.5 56.4958 7.08949 237.992 185.821
27.5 21.2109 16.0641 167.422 167.872
27.5 -55.1853 4.54047 14.6294 190.919
27.5 -2.32497 78.4819 120.35 43.0363
27.5 32.1662 5.67634 189.332 188.647
27.5 -0.895466 25.7887 123.209 148.423
27.5 -54.8167 61.099 15.3665 77.802
27.5 -53.0807 4.4501 18.8387 191.1
27.5 -20.4225 1.9828 84.155 196.034
27.5 -42.6749 33.8545 39.6502 132.291
27.5 -22.3776 1.31415 80.2448 197.372
27.5 25.361 -2.98112 175.722 205.962
27.5 -49.2657 68.1616 26.4685 63.6767
27.5 -31.8884 49.7249 61.2231 100.55
27.5 -48.2135 49.52 28.573 100.96
27.5 -6.57902 21.5135 111.842 156.973
27.5 46.0865 -5.30695 217.173 210.614
27.5 -20.2173 4.89718 84.5655 190.206
27.5 -39.7301 7.04561 45.5398 185.909
27.5 31.4732 52.9084 187.946 94.1831
27.5 -42.0285 26.2871 40.943 147.426
27.5 29.129 5.7389 183.258 188.522
27.5 -4.17177 24.805 116.656 150.39
27.5 -47.7245 44.8821 29.5509 110.236
27.5 -18.5423 13.3543 87.9153 173.291
27.5 51.8537 52.6086 228.707 94.7828
27.5 45.7803 -25.4778 216.561 250.956
27.5 44.0281 93.5153 213.056 12.9694
27.5 -27.1446 15.4055 70.7108 169.189
27.5 31.4403 19.5494 187.881 160.901
27.5 -20.5217 5.79427 83.9566 188.411
27.5 -34.3826 -15.179 56.2347 230.358
27.5 -8.79277 26.0162 107.414 147.968
27.5 -23.5663 67.4367 77.8675 65.1265
27.5 -40.7438 84.0405 43.5123 31.9191
27.5 37.4609 22.7306 199.922 154.539
27.5 13.413 12.5161 151.826 174.968
27.5 -48.2575 11.2375 28.4849 177.525
27.5 -11.8815 -1.87379 101.237 203.748
27.5 8.76689 -5.9003 142.534 211.801
27.5 -32.8437 -14.5945 59.3126 229.189
27.5 45.4366 -75.6109 215.873 351.222
27.5 51.8139 50.1656 228.628 99.6689
27.5 41.9931 13.8615 208.986 172.277
27.5 53.4844 80.5382 231.969 38.9236
27.5 49.0074 80.6379 223.015 38.7242
27.5 37.4165 82.2521 199.833 35.4958
27.5 35.697 -10.0525 196.394 220.105
27.5 -6.77381 5.379 111.452 189.242
27.5 -2.22867 86.9951 120.543 26.0097
27.5 -36.5203 60.6821 51.9595 78.6357
27.5 7.05334 21.9032 139.107 156.194
27.5 0.948978 59.8115 126.898 80.377
27.5 -10.0785 54.0606 104.843 91.8789
27.5 -20.1515 -20.6794 84.697 241.359
27.5 -33.4537 -11.9738 58.0927 223.948
27.5 46.0599 -76.9777 217.12 353.955
27.5 26.3448 -69.6138 177.69 339.228
27.5 51.8815 -71.519 228.763 343.038
27.5 -21.4107 9.95421 82.1786 180.092
27.5 0.59026 -21.8992 126.181 243.798
27.5 19.3969 54.758 163.794 90.4841
27.5 -15.0875 -6.40702 94.8249 212.814
27.5 -35.6154 68.6594 53.7693 62.6812
27.5 -22.527 55.9868 79.946 88.0263
27.5 -32.8558 -56.5665 59.2885 313.133
27.5 -3.2779 20.5757 118.444 158.849
27.5 -9.45708 3.34425 106.086 193.312
27.5 -45.9324 67.4861 33.1352 65.0278
27.5 -21.286 -72.8777 82.4281 345.755
27.5 -33.8481 67.557 57.3039 64.886
27.5 23.0783 0.630592 171.157 198.739
27.5 11.0644 -10.0784 147.129 220.157
27.5 -52.3083 82.3284 20.3834 35.3433
27.5 8.06714 -21.0748 141.134 242.15
27.5 38.6277 25.4828 202.255 149.034
27.5 9.47326 -10.98 143.947 221.96
27.5 -33.7374 -56.2158 57.5252 312.432
27.5 -47.014 -23.7602 30.9721 247.52
27.5 9.55353 -75.4756 144.107 350.951
27.5 -6.50367 3.11257 111.993 193.775
27.5 -49.4929 -75.9397 26.0142 351.879
27.5 -48.528 -32.6744 27.944 265.349
27.5 -34.3737 64.4092 56.2526 71.1816
27.5 54.9508 48.9528 234.902 102.094
27.5 21.9664 -8.21659 168.933 216.433
27.5 -4.92018 59.019 115.16 81.962
27.5 26.1434 -73.2622 177.287 346.524
27.5 5.32562 25.9732 135.651 148.054
27.5 44.9384 39.382 214.877 121.236
27.5 -4.58454 61.3348 115.831 77.3303
27.5 43.1696 38.8687 211.339 122.263
27.5 21.6692 -9.49329 168.338 218.987
27.5 7.84047 -11.2169 140.681 222.434
27.5 -48.3787 40.3198 28.2426 119.36
27.5 -46.2159 40.1196 32.5681 119.761
27.5 -33.47 3.25275 58.06 193.495
27.5 -14.508 15.3508 95.9839 169.298
27.5 -49.1329 -75.0793 26.7342 350.159
27.5 -47.6589 0.912285 29.6823 198.175
27.5 -48.4419 -73.8897 28.1162 347.779
27.5 44.5355 -20.7651 214.071 241.53
27.5 24.2787 4.12332 173.557 191.753
27.5 -54.9488 54.2749 15.1025 91.4501
27.5 45.1092 -33.8479 215.218 267.696
27.5 2.20681 28.8 129.414 142.4
27.5 44.6045 53.497 214.209 93.006
27.5 24.691 4.29271 174.382 191.415
27.5 -34.3632 23.0153 56.2737 153.969
27.5 -48.1702 54.8193 28.6597 90.3614
27.5 51.5913 66.2813 228.183 67.4374
27.5 0.534595 28.3556 126.069 143.289
27.5 26.9977 23.4113 178.995 153.177
27.5 -1.73483 53.2218 121.53 93.5565
27.5 2.74952 -82.0274 130.499 364.055
27.5 -12.8591 10.6993 99.2817 178.601
27.5 3.91904 -0.671928 132.838 201.344
27.5 -9.58704 -59.9554 105.826 319.911
27.5 5.12366 -4.45358 135.247 208.907
27.5 7.65361 28.3604 140.307 143.279
27.5 -8.3313 -69.6746 108.337 339.349
27.5 42.2907 65.6329 209.581 68.7341
27.5 5.84398 3.6758 136.688 192.648
27.5 -33.7463 53.4202 57.5074 93.1597
27.5 -6.01634 -4.16981 112.967 208.34
27.5 30.5352 -82.7088 186.07 365.418
27.5 -10.9649 22.2948 103.07 155.41
27.5 -0.436989 87.3037 124.126 25.3925
27.5 -5.09134 86.4626 114.817 27.0748
27.5 -24.9955 -25.9954 75.009 251.991
27.5 -16.2029 -76.8822 92.5942 353.764
27.5 33.6601 -27.1066 192.32 254.213
27.5 -47.0443 17.6371 30.9113 164.726
27.5 43.9961 -3.43229 212.992 206.865
27.5 -19.6693 -61.4539 85.6613 322.908
27.5 13.9385 -2.20728 152.877 204.415
27.5 -30.8891 90.3401 63.2218 19.3198
27.5 31.3512 -65.8987 187.702 331.797
27.5 41.8496 54.9511 208.699 90.0978
27.5 13.0032 -59.1493 151.006 318.299
27.5 39.0595 18.0198 203.119 163.96
27.5 26.8704 -59.2113 178.741 318.423
27.5 -42.9637 -22.6361 39.0727 245.272
27.5 40.255 60.7173 205.51 78.5654
27.5 -0.460022 -19.7155 124.08 239.431
27.5 43.917 59.0872 212.834 81.8257
27.5 -8.06599 -68.0839 108.868 336.168
27.5 18.9902 52.932 162.98 94.136
27.5 2.96996 -15.3906 130.94 230.781
27.5 13.9207 -57.4526 152.841 314.905
27.5 -38.0023 83.1952 48.9954 33.6097
27.5 44.8214 36.9392 214.643 126.122
27.5 42.521 -9.80093 210.042 219.602
27.5 -48.889 -24.7429 27.2219 249.486
27.5 25.8786 2.3638 176.757 195.272
27.5 -20.9331 -9.60662 83.1339 219.213
27.5 21.1405 3.29459 167.281 193.411
27.5 -29.1165 -1.69893 66.767 203.398
27.5 -42.0515 76.0665 40.897 47.8671
27.5 34.3089 81.3745 193.618 37.251
27.5 24.7126 -86.5338 174.425 373.068
27.5 -52.0371 50.6129 20.9258 98.7742
27.5 38.4737 74.1268 201.947 51.7464
27.5 28.2887 -11.4418 181.577 222.884
27.5 -43.5698 65.8632 37.8605 68.2736
27.5 19.3082 7.20164 163.616 185.597
27.5 -27.7078 -74.283 69.5843 348.566
27.5 44.5534 -33.7115 214.107 267.423
27.5 -6.87265 86.0332 111.255 27.9336
27.5 32.8734 -6.75654 190.747 213.513
27.5 -13.6661 -5.58558 97.6678 211.171
27.5 -28.7531 -3.34209 67.4937 206.684
27.5 14.611 -74.7805 154.222 349.561
27.5 44.9455 -30.504 214.891 261.008
27.5 -16.1833 -76.0722 92.6333 352.144
27.5 -8.61002 58.0176 107.78 83.9647
27.5 2.89452 -13.9151 130.789 227.83
27.5 26.9436 88.7674 178.887 22.4651
27.5 -7.45911 -14.6538 110.082 229.308
27.5 -3.61553 -77.9046 117.769 355.809
27.5 -49.3917 -31.254 26.2166 262.508
27.5 39.8653 23.8318 204.731 152.336
27.5 -5.15308 82.0625 114.694 35.8751
27.5 30.6937 13.1054 186.387 173.789
27.5 13.5823 -10.6845 152.165 221.369
27.5 -45.3402 -84.98 34.3195 369.96
27.5 -51.5783 55.0026 21.8434 89.9949
27.5 -48.3819 -92.1224 28.2363 384.245
27.5 6.74762 28.3714 138.495 143.257
27.5 -52.859 -57.6827 19.2821 315.365
27.5 20.4508 64.8693 165.902 70.2613
27.5 -42.5951 62.2503 39.8097 75.4994
27.5 -29.7335 -18.178 65.533 236.356
27.5 3.97521 -58.9712 132.95 317.942
27.5 -43.5093 1.03059 37.9814 197.939
27.5 -29.4132 -41.8518 66.1736 283.704
27.5 42.7298 -86.1721 210.46 372.344
27.5 2.28597 88.9404 129.572 22.1191
27.5 -38.3518 12.8185 48.2964 174.363
27.5 -44.5479 -86.0883 35.9042 372.177
27.5 45.5549 -46.4932 216.11 292.986
27.5 31.5727 0.590538 188.145 198.819
27.5 -5.02861 -82.1508 114.943 364.302
27.5 32.2563 -14.9259 189.513 229.852
27.5 50.9086 -73.8755 226.817 347.751
27.5 -6.6951 -14.1558 111.61 228.312
27.5 18.4879 -63.8527 161.976 327.705
27.5 16.1254 -6.30727 157.251 212.615
27.5 -46.3611 -90.5101 32.2778 381.02
27.5 -17.2204 -53.0801 90.5592 306.16
27.5 12.6582 -6.70307 150.316 213.406
27.5 28.0405 -23.3919 181.081 246.784
27.5 48.8032 49.188 222.606 101.624
27.5 18.3345 -30.4121 161.669 260.824
27.5 40.9047 18.4398 206.809 163.12
27.5 -14.3283 -18.5792 96.3433 237.158
27.5 22.2777 -4.61134 169.555 209.223
27.5 -0.807777 61.533 123.384 76.934
27.5 41.3648 -86.2747 207.73 372.549
27.5 55.4068 -53.382 235.814 306.764
27.5 -27.6148 -85.083 69.7705 370.166
27.5 -5.8026 -65.2335 113.395 330.467
27.5 -0.369595 81.8315 124.261 36.337
27.5 -27.4018 10.795 70.1965 178.41
27.5 -49.5244 -54.9797 25.9512 309.959
27.5 -35.8383 -86.7962 53.3235 373.592
27.5 25.8569 57.7659 176.714 84.4681
27.5 8.56957 -56.0061 142.139 312.012
27.5 -3.64633 -82.2052 117.707 364.41
27.5 -47.0404 -70.4124 30.9191 340.825
27.5 -27.4293 9.2198 70.1414 181.56
27.5 5.91908 -31.1131 136.838 262.226
27.5 -17.6927 -61.9338 89.6145 323.868
27.5 -0.611961 58.3799 123.776 83.2402
27.5 36.491 14.8954 197.982 170.209
27.5 36.5703 -83.3238 198.141 366.648
27.5 -6.58431 -64.2216 111.831 328.443
27.5 -20.897 -66.9525 83.2059 333.905
27.5 18.6794 3.22815 162.359 193.544
27.5 54.2213 -59.4324 233.443 318.865
27.5 53.5312 -48.3946 232.062 296.789
27.5 -0.392326 89.2128 124.215 21.5744
27.5 -22.2331 51.561 80.5337 96.8781
27.5 17.5056 3.47876 160.011 193.042
27.5 -12.7525 -81.4079 99.4951 362.816
27.5 29.8344 -28.8272 184.669 257.654
27.5 26.5894 -78.5855 178.179 357.171
27.5 -35.5892 12.1325 53.8215 175.735
27.5 38.8284 -13.5902 202.657 227.18
27.5 -3.08811 -54.7023 118.824 309.405
27.5 -35.4329 87.1197 54.1342 25.7607
27.5 -0.809067 10.5565 123.382 178.887
27.5 -54.9677 -43.0311 15.0647 286.062
27.5 32.6848 83.1239 190.37 33.7523
27.5 -37.7858 -28.7487 49.4284 257.497
27.5 38.9254 -12.3132 202.851 224.626
27.5 -28.8037 52.3808 67.3925 95.2385
27.5 25.771 -6.15291 176.542 212.306
27.5 6.1708 -33.1324 137.342 266.265
27.5 6.03499 -61.7489 137.07 323.498
27.5 -33.4627 -28.8779 58.0747 257.756
27.5 24.9811 -6.66758 174.962 213.335
27.5 -9.42315 66.8914 106.154 66.2172
27.5 18.8638 -49.7724 162.728 299.545
27.5 1.14158 6.37508 127.283 187.25
27.5 7.93285 -34.6786 140.866 269.357
27.5 -1.8507 -2.17116 121.299 204.342
27.5 27.3286 -78.9195 179.657 357.839
27.5 41.1168 -46.9699 207.234 293.94
27.5 -32.7678 15.4351 59.4645 169.13
27.5 38.0546 -74.2204 201.109 348.441
27.5 19.0359 -75.4343 163.072 350.869
27.5 -54.6257 -47.406 15.7487 294.812
27.5 -39.8827 -8.82726 45.2346 217.655
27.5 26.2772 -38.6166 177.554 277.233
27.5 42.971 -71.3946 210.942 342.789
27.5 -30.8998 -51.773 63.2004 303.546
27.5 30.0782 9.46144 185.156 181.077
27.5 14.2849 -47.7501 153.57 295.5
27.5 25.4134 -83.2571 175.827 366.514
27.5 17.903 -81.4403 160.806 362.881
27.5 -31.377 -81.6702 62.246 363.34
27.5 19.0099 -49.1552 163.02 298.31
27.5 -5.35655 -25.4741 114.287 250.948
27.5 33.813 44.684 192.626 110.632
27.5 32.4189 -24.106 189.838 248.212
27.5 -28.9098 67.0367 67.1804 65.9266
27.5 -30.1309 67.2408 64.7381 65.5185
27.5 -20.1301 49.8024 84.7399 100.395
27.5 16.9833 -81.1299 158.967 362.26
27.5 -39.5255 -83.5612 45.949 367.122
27.5 -4.51023 -16.1445 115.98 232.289
27.5 -42.1703 -29.3734 40.6594 258.747
27.5 46.1371 -71.3744 217.274 342.749
27.5 41.6239 -52.2354 208.248 304.471
27.5 2.8083 -65.2097 130.617 330.419
27.5 -38.2948 -1.69445 48.4103 203.389
27.5 42.8768 -30.4147 210.754 260.829
27.5 -42.1307 -73.3016 40.7386 346.603
27.5 -48.7997 60.9298 27.4005 78.1404
27.5 50.0398 -64.0915 225.08 328.183
27.5 -5.62799 -17.5698 113.744 235.14
27.5 -5.04842 -60.9469 114.903 321.894
27.5 -10.0641 -79.5838 104.872 359.168
27.5 -35.5327 -53.1861 53.9346 306.372
27.5 -28.1946 -67.6479 68.6109 335.296
27.5 -50.1523 6.1467 24.6954 187.707
27.5 23.9635 -82.5676 172.927 365.135
27.5 29.7572 2.78148 184.514 194.437
27.5 -26.4371 -79.0113 72.1258 358.023
27.5 -32.765 8.01084 59.4699 183.978
27.5 -51.05 -38.8826 22.9 277.765
27.5 -26.3159 -24.4608 72.3681 248.922
27.5 21.8955 -54.3193 168.791 308.639
27.5 15.0224 7.49888 155.045 185.002
27.5 50.6775 -43.3226 226.355 286.645
27.5 31.9739 85.5116 188.948 28.9769
27.5 31.4427 -12.0423 187.885 224.085
27.5 -15.7185 -50.4991 93.563 300.998
27.5 19.1934 -43.288 163.387 286.576
27.5 -25.1012 -50.054 74.7975 300.108
27.5 2.57709 64.2321 130.154 71.5357
27.5 36.2237 -45.1438 197.447 290.288
27.5 -25.201 -51.0662 74.5979 302.132
27.5 16.6265 52.2817 158.253 95.4367
27.5 -27.7025 -68.2429 69.5951 336.486
27.5 -44.5515 25.1376 35.897 149.725
27.5 -26.4421 -11.9132 72.1158 223.826
27.5 -39.5356 -30.8464 45.9287 261.693
27.5 -26.9558 -11.071 71.0884 222.142
27.5 35.9422 7.65093 196.884 184.698
27.5 15.3391 -31.5904 155.678 263.181
27.5 24.811 -24.8133 174.622 249.627
27.5 -8.43077 -53.8754 108.138 307.751
27.5 34.923 -86.3238 194.846 372.648
27.5 46.7108 -39.6162 218.422 279.232
27.5 30.159 -12.6649 185.318 225.33
27.5 -43.8969 51.7509 37.2063 96.4982
27.5 -35.0468 -31.3385 54.9064 262.677
27.5 -36.228 -67.0101 52.5439 334.02
27.5 40.0939 -35.897 205.188 271.794
27.5 51.9614 -0.58812 228.923 201.176
27.5 -45.0026 -73.5117 34.9948 347.023
27.5 15.4807 -53.9345 155.961 307.869
27.5 10.9849 -3.41453 146.97 206.829
27.5 40.1809 -65.0782 205.362 330.156
27.5 -38.2921 -69.9566 48.4157 339.913
27.5 31.7291 26.0911 188.458 147.818
27.5 18.748 -61.105 162.496 322.21
27.5 20.9906 -44.1761 166.981 288.352
27.5 48.9161 -57.1238 222.832 314.248
27.5 -12.323 -84.4196 100.354 368.839
27.5 1.91617 -1.11481 128.832 202.23
27.5 38.5588 51.6435 202.118 96.7131
27.5 25.4548 -29.3714 175.91 258.743
27.5 39.8432 -21.0837 204.686 242.167
27.5 -45.3149 50.0576 34.3702 99.8848
27.5 18.9719 -85.4695 162.944 370.939
27.5 51.9721 21.797 228.944 156.406
27.5 -24.7152 -55.3477 75.5696 310.695
27.5 37.8707 46.6688 200.741 106.662
27.5 32.0293 65.7993 189.059 68.4015
27.5 -12.7773 -61.0152 99.4454 322.03
27.5 -43.3322 -64.7709 38.3357 329.542
27.5 27.1716 -66.086 179.343 332.172
27.5 11.3094 66.0152 147.619 67.9695
27.5 0.703266 66.8557 126.407 66.2886
27.5 -33.7633 55.7271 57.4734 88.5457
27.5 -21.8969 -78.1994 81.2062 356.399
27.5 17.8329 -27.0695 160.666 254.139
27.5 -36.4351 -77.4722 52.1299 354.944
27.5 -7.54067 -55.5125 109.919 311.025
27.5 -13.5618 66.0132 97.8763 67.9736
27.5 17.8279 -77.284 160.656 354.568
27.5 3.03382 -47.9199 131.068 295.84
27.5 26.0335 -55.1675 177.067 310.335
27.5 43.184 -67.9611 211.368 335.922
27.5 -53.0977 -64.5855 18.8045 329.171
27.5 48.7195 -57.7418 222.439 315.484
27.5 28.1655 -43.1582 181.331 286.316
27.5 45.6398 -39.553 216.28 279.106
27.5 51.397 -55.8818 227.794 311.764
27.5 -10.1073 -21.2926 104.785 242.585
27.5 31.8292 -38.296 188.658 276.592
27.5 38.5832 -69.4625 202.166 338.925
27.5 -36.5922 -85.143 51.8157 370.286
27.5 -10.8791 -21.7878 103.242 243.576
27.5 -30.7134 63.1537 63.5732 73.6926
27.5 39.3494 -22.0873 203.699 244.175
27.5 -39.4993 -2.21042 46.0014 204.421
27.5 27.9185 64.882 180.837 70.236
27.5 -27.5483 49.4601 69.9034 101.08
27.5 4.18247 92.4473 133.365 15.1054
27.5 -23.0336 -84.0362 78.9328 368.072
27.5 -11.2936 -49.5813 102.413 299.163
27.5 10.5339 -29.9516 146.068 259.903
27.5 10.7087 -1.32622 146.417 202.652
27.5 -54.1829 -39.3432 16.6343 278.686
27.5 12.7829 64.2945 150.566 71.411
27.5 -34.6136 -76.4414 55.7727 352.883
27.5 42.7124 -91.2285 210.425 382.457
27.5 35.6638 -37.7366 196.328 275.473
27.5 41.9978 63.9717 208.996 72.0566
27.5 -11.737 52.0128 101.526 95.9744
27.5 -27.6129 -28.9545 69.7742 257.909
27.5 -1.03341 -67.9088 122.933 335.818
27.5 -41.4793 38.1342 42.0415 123.732
27.5 -31.8604 -88.5828 61.2791 377.166
27.5 35.0894 -34.9866 195.179 269.973
27.5 20.6374 -19.1003 166.275 238.201
27.5 11.0715 -41.93 147.143 283.86
27.5 39.5578 44.751 204.116 110.498
27.5 12.0174 63.3084 149.035 73.3831
27.5 -53.7685 -64.0803 17.463 328.161
27.5 -6.03014 46.8366 112.94 106.327
27.5 12.5673 -51.0303 150.135 302.061
27.5 33.8801 -75.265 192.76 350.53
27.5 47.5028 69.0701 220.006 61.8598
27.5 -31.0163 -75.7052 62.9673 351.41
27.5 -54.8922 0.44883 15.2156 199.102
27.5 40.7829 43.1531 206.566 113.694
27.5 20.157 -19.5289 165.314 239.058
27.5 25.5566 65.0585 176.113 69.8831
27.5 38.2886 36.8722 201.577 126.256
27.5 33.0633 -32.4827 191.127 264.965
27.5 48.5746 -51.5385 222.149 303.077
27.5 -40.8145 -49.4728 43.371 298.946
27.5 14.1973 -37.2729 153.395 274.546
27.5 12.7062 67.9081 150.412 64.1838
27.5 6.43603 -84.8928 137.872 369.786
27.5 -15.6689 -71.8072 93.6622 343.614
27.5 49.9242 -39.9692 224.848 279.938
27.5 7.02463 -38.2221 139.049 276.444
27.5 -39.5961 -74.0543 45.8078 348.109
27.5 35.1547 32.7865 195.309 134.427
27.5 -40.0926 70 44.8147 60
27.5 -54.9343 23.1788 15.1315 153.642
27.5 35.5309 -49.7992 196.062 299.598
27.5 -15.888 31.4341 93.2241 137.132
27.5 -10.9941 47.1499 103.012 105.7
27.5 9.59882 30.0462 144.198 139.908
27.5 3.54687 -1.03078 132.094 202.062
27.5 -20.2073 -11.8265 84.5853 223.653
27.5 -39.7258 -35.4535 45.5484 270.907
27.5 -9.74886 -79.4087 105.502 358.817
27.5 38.5395 66.5844 202.079 66.8312
27.5 -3.01896 -85.6018 118.962 371.204
27.5 36.6431 -50.9572 198.286 301.914
27.5 29.0254 -36.4406 183.051 272.881
27.5 37.9762 38.8533 200.952 122.293
27.5 -8.58206 82.6707 107.836 34.6585
27.5 29.2409 -33.0797 183.482 266.159
27.5 -22.1581 -85.1915 80.6837 370.383
27.5 -7.58172 94.6747 109.837 10.6505
27.5 -38.2957 33.8503 48.4085 132.299
27.5 26.9864 -69.5761 178.973 339.152
27.5 6.0906 -41.2097 137.181 282.419
27.5 -8.02281 78.9493 108.954 42.1015
27.5 35.1567 -71.37 195.313 342.74
27.5 -34.9216 -64.0167 55.1567 328.033
27.5 41.592 48.5647 208.184 102.871
27.5 -22.7733 -61.7767 79.4533 323.553
27.5 23.7547 -39.1668 172.509 278.334
27.5 18.4672 -87.0572 161.934 374.114
27.5 36.447 -48.7538 197.894 297.508
27.5 -7.05288 52.7031 110.894 94.5939
27.5 41.2386 -74.2948 207.477 348.59
27.5 -43.7374 -68.8152 37.5252 337.63
27.5 5.54583 93.6189 136.092 12.7622
27.5 -3.09701 -14.6587 118.806 229.317
27.5 2.01711 -36.8241 129.034 273.648
27.5 -14.9707 52.4119 95.0587 95.1762
27.5 33.0509 -48.7735 191.102 297.547
27.5 -49.6079 -45.9156 25.7843 291.831
27.5 -1.65599 -42.4372 121.688 284.874
27.5 -8.98128 -46.3845 107.037 292.769
27.5 7.36007 30.5967 139.72 138.807
27.5 7.01226 82.9673 139.025 34.0654
27.5 -42.301 55.1115 40.398 89.777
27.5 2.5974 77.9535 130.195 44.0929
27.5 52.3162 -51.0231 229.632 302.046
27.5 -1.48598 50.4502 122.028 99.0996
27.5 -42.2954 -6.68586 40.4092 213.372
27.5 8.18337 -41.2692 141.367 282.538
27.5 -5.47358 -40.4219 114.053 280.844
27.5 2.58424 46.7847 130.168 106.431
27.5 -10.5335 90.9269 103.933 18.1463
27.5 -7.02779 -20.8889 110.944 241.778
27.5 28.0273 -52.9048 181.055 305.81
27.5 -44.0331 44.0033 36.9338 111.993
27.5 32.7617 -40.9833 190.523 281.967
27.5 36.2908 -21.9379 197.582 243.876
27.5 -41.0638 -75.4281 42.8723 350.856
27.5 -32.1668 -84.7535 60.6664 369.507
27.5 -41.0687 68.5971 42.8626 62.8059
27.5 -16.1274 66.3512 92.7451 67.2975
27.5 -4.86772 -53.3074 115.265 306.615
27.5 -15.3439 -43.8109 94.3121 287.622
27.5 24.2989 -52.7902 173.598 305.58
27.5 -46.1837 26.6234 32.6325 146.753
27.5 -30.3922 -69.0394 64.2156 338.079
27.5 -6.53683 51.4656 111.926 97.0689
27.5 30.1941 -48.3948 185.388 296.79
27.5 -0.909573 -85.1664 123.181 370.333
27.5 33.2854 -35.3297 191.571 270.659
27.5 51.3382 71.1077 227.676 57.7846
27.5 0.764469 -48.414 126.529 296.828
27.5 36.2016 -31.8913 197.403 263.783
27.5 35.8017 -31.5671 196.603 263.134
27.5 -41.2993 40.1477 42.4015 119.705
27.5 44.1051 -38.5375 213.21 277.075
27.5 38.7967 -8.59654 202.593 217.193
27.5 -21.3884 51.2772 82.2233 97.4456
27.5 -51.6473 -41.9183 21.7055 283.837
27.5 10.5748 -82.7841 146.15 365.568
27.5 37.9452 -61.2142 200.89 322.428
27.5 10.1699 -81.6328 145.34 363.266
27.5 -8.51556 -42.385 107.969 284.77
27.5 -8.22448 -45.1014 108.551 290.203
27.5 -27.6808 -29.9693 69.6383 259.939
27.5 46.3136 -54.5871 217.627 309.174
27.5 -41.6001 53.6081 41.7998 92.7838
27.5 49.6619 -69.3924 224.324 338.785
27.5 -47.7237 7.6042 29.5525 184.792
27.5 -10.5726 81.8902 103.855 36.2196
27.5 35.0805 50.3879 195.161 99.2243
27.5 -31.7578 86.8155 61.4843 26.369
27.5 -30.4293 -29.6742 64.1414 259.348
27.5 -26.3618 -15.0199 72.2764 230.04
27.5 -32.179 12.53 60.642 174.94
27.5 36.1341 -42.3939 197.268 284.788
27.5 -8.91157 -40.2073 107.177 280.415
27.5 0.948242 80.0194 126.896 39.9613
27.5 -29.2132 -24.8253 66.5735 249.651
27.5 -26.2859 49.958 72.4283 100.084
27.5 35.6499 34.4016 196.3 131.197
27.5 3.86784 -33.3987 132.736 266.797
27.5 10.7215 49.4872 146.443 101.026
27.5 30.2851 76.4447 185.57 47.1106
27.5 -11.871 32.0218 101.258 135.956
27.5 37.9837 34.0849 200.967 131.83
27.5 46.4907 -48.0057 217.981 296.011
27.5 -6.11849 76.6712 112.763 46.6576
-14.0962 62.5 -90.0041 83.1924 380.008
-12.8107 62.5 -93.9689 80.6214 387.938
-10.1611 62.5 -90.5011 75.3221 381.002
-7.13199 62.5 31.271 69.264 137.458
1.42359 62.5 -45.188 52.1528 290.376
0.426378 62.5 -79.4674 54.1472 358.935
3.24107 62.5 -87.4805 48.5179 374.961
11.4465 62.5 31.0813 32.1071 137.837
11.6392 62.5 -91.1173 31.7217 382.235
16.5375 62.5 45.984 21.925 108.032
4.52667 62.5 -84.3027 45.9467 368.605
14.0425 62.5 54.1268 26.9151 91.7464
-0.178663 62.5 12.6056 55.3573 174.789
14.3378 62.5 45.6941 26.3245 108.612
-6.33084 62.5 -46.3617 67.6617 292.723
3.70373 62.5 -83.6178 47.5925 367.236
-20.9676 62.5 -49.1181 96.9352 298.236
16.3791 62.5 31.0814 22.2418 137.837
-4.72667 62.5 -49.2538 64.4533 298.508
16.4184 62.5 23.8465 22.1631 152.307
8.51746 62.5 26.819 37.9651 146.362
16.4681 62.5 -91.3722 22.0638 382.744
5.11159 62.5 12.238 44.7768 175.524
4.45406 62.5 33.5325 46.0919 132.935
21.7435 62.5 59.7576 11.513 80.4848
-10.9445 62.5 -49.068 76.8889 298.136
11.7762 62.5 -76.5343 31.4475 353.069
9.23526 62.5 24.8197 36.5295 150.361
3.5702 62.5 -51.4888 47.8596 302.978
-4.88571 62.5 -66.3309 64.7714 332.662
-8.30589 62.5 -50.6804 71.6118 301.361
-19.8123 62.5 -39.9946 94.6245 279.989
-8.33691 62.5 -51.7363 71.6738 303.473
19.6173 62.5 -46.2059 15.7653 292.412
13.8097 62.5 28.5789 27.3806 142.842
-3.51897 62.5 28.4973 62.0379 143.005
9.1228 62.5 33.6901 36.7544 132.62
20.6698 62.5 59.6266 13.6604 80.7467
-21.2007 62.5 -58.2984 97.4014 316.597
18.0318 62.5 -86.2605 18.9365 372.521
4.63518 62.5 -74.2725 45.7296 348.545
6.47747 62.5 -0.894806 42.0451 201.79
-4.60059 62.5 -53.8024 64.2012 307.605
-21.1705 62.5 -66.1673 97.341 332.335
4.34719 62.5 -11.8636 46.3056 223.727
16.3968 62.5 23.7308 22.2065 152.538
4.42029 62.5 28.8072 46.1594 142.386
-17.1039 62.5 -44.4318 89.2077 288.864
5.34023 62.5 -75.4373 44.3195 350.875
-13.1727 62.5 -67.1668 81.3453 334.334
5.25664 62.5 -46.3347 44.4867 292.669
-19.6852 62.5 -58.4512 94.3703 316.902
-10.4763 62.5 -86.8817 75.9526 373.763
3.2027 62.5 -12.0363 48.5946 224.073
12.8882 62.5 -66.3934 29.2236 332.787
18.3815 62.5 53.7175 18.237 92.5649
1.57289 62.5 17.6428 51.8542 164.714
13.849 62.5 -67.571 27.302 335.142
-21.4757 62.5 -53.3134 97.9515 306.627
3.012 62.5 20.1181 48.976 159.764
-6.95778 62.5 -55.3887 68.9156 310.777
4.48038 62.5 -53.8498 46.0392 307.7
1.09184 62.5 -53.2189 52.8163 306.438
-14.5154 62.5 -66.4954 84.0307 332.991
13.5317 62.5 -72.3866 27.9365 344.773
6.59303 62.5 -50.0975 41.8139 300.195
-14.9245 62.5 -67.2381 84.849 334.476
8.40645 62.5 20.0739 38.1871 159.852
1.23606 62.5 -53.7664 52.5279 307.533
13.9638 62.5 14.6579 27.0725 170.684
-10.2077 62.5 -25.5115 75.4153 251.023
-4.41352 62.5 -44.3649 63.827 288.73
19.2726 62.5 -50.2416 16.4549 300.483
15.7289 62.5 6.52608 23.5421 186.948
-3.43132 62.5 33.9737 61.8626 132.053
1.75985 62.5 -40.3716 51.4803 280.743
-1.66202 62.5 -2.88908 58.324 205.778
-21.2176 62.5 -62.7959 97.4352 325.592
-0.286369 62.5 -35.026 55.5727 270.052
12.9261 62.5 41.9371 29.1477 116.126
-14.5004 62.5 -40.1811 84.0008 280.362
18.2564 62.5 -64.257 18.4872 328.514
7.23906 62.5 -32.2424 40.5219 264.485
2.51584 62.5 -64.1928 49.9683 328.386
6.23595 62.5 27.4839 42.5281 145.032
-7.49836 62.5 -43.1543 69.9967 286.309
19.2442 62.5 -78.8246 16.5115 357.649
15.0022 62.5 34.3874 24.9956 131.225
18.5664 62.5 -40.2283 17.8673 280.457
0.878166 62.5 -91.0309 53.2437 382.062
-11.7602 62.5 -24.8316 78.5205 249.663
7.72311 62.5 -64.395 39.5538 328.79
-8.43439 62.5 -61.4947 71.8688 322.989
-9.17955 62.5 -27.2696 73.3591 254.539
16.3989 62.5 1.70099 22.2022 196.598
-10.0182 62.5 14.7602 75.0364 170.48
-2.27678 62.5 -19.2743 59.5536 238.549
-1.58982 62.5 1.05218 58.1796 197.896
19.5209 62.5 -44.6261 15.9583 289.252
9.46044 62.5 -40.3129 36.0791 280.626
16.5682 62.5 34.7003 21.8636 130.599
9.50814 62.5 -46.4218 35.9837 292.844
-19.0652 62.5 -30.3189 93.1304 260.638
8.24666 62.5 -62.8466 38.5067 325.693
6.04742 62.5 -79.3946 42.9052 358.789
-0.806326 62.5 -85.2705 56.6127 370.541
13.2021 62.5 50.2245 28.5958 99.551
10.0391 62.5 -29.8009 34.9217 259.602
-4.85672 62.5 -14.6642 64.7134 229.328
-19.1978 62.5 11.6667 93.3955 176.667
19.2414 62.5 -35.1634 16.5171 270.327
-19.548 62.5 -64.8763 94.0961 329.753
10.4836 62.5 17.6198 34.0329 164.76
-18.9975 62.5 -89.6359 92.995 379.272
-0.827978 62.5 -7.14284 56.656 214.286
-4.56755 62.5 -42.4487 64.1351 284.897
6.49882 62.5 -90.7913 42.0024 381.583
16.4877 62.5 -43.5271 22.0245 287.054
4.79384 62.5 -64.7778 45.4123 329.556
-0.675667 62.5 -5.33924 56.3513 210.678
-11.894 62.5 -34.9647 78.7881 269.929
0.763899 62.5 -32.9049 53.4722 265.81
12.8981 62.5 -57.5928 29.2038 315.186
-18.7751 62.5 -53.6418 92.5502 307.284
-1.73442 62.5 -22.9449 58.4688 245.89
13.5819 62.5 67.5884 27.8363 64.8233
11.3585 62.5 -46.5583 32.2829 293.117
-14.2713 62.5 -57.604 83.5427 315.208
-1.23117 62.5 -53.0494 57.4623 306.099
19.9609 62.5 27.2557 15.0782 145.489
12.8121 62.5 -61.9776 29.3759 323.955
-4.59146 62.5 -27.0311 64.1829 254.062
-6.34214 62.5 -9.64412 67.6843 219.288
-6.37674 62.5 -58.7312 67.7535 317.462
14.6198 62.5 -81.5772 25.7604 363.154
10.4252 62.5 -1.66805 34.1495 203.336
13.1988 62.5 7.49097 28.6025 185.018
-11.3874 62.5 -1.60284 77.7748 203.206
-15.6947 62.5 14.6491 86.3893 170.702
7.37659 62.5 -44.5283 40.2468 289.057
12.5389 62.5 -35.4904 29.9223 270.981
-13.656 62.5 -32.1329 82.312 264.266
3.83769 62.5 4.71579 47.3246 190.568
-15.7529 62.5 15.4724 86.5058 169.055
4.38328 62.5 7.60063 46.2334 184.799
1.23956 62.5 -51.7406 52.5209 303.481
-7.62737 62.5 -19.3626 70.2547 238.725
-5.05747 62.5 -25.5167 65.1149 251.033
-19.6929 62.5 -93.6774 94.3858 387.355
-11.5425 62.5 4.01435 78.0849 191.971
6.64532 62.5 -7.34374 41.7094 214.687
-6.14777 62.5 25.194 67.2955 149.612
-3.49274 62.5 0.990685 61.9855 198.019
-5.75121 62.5 -64.1455 66.5024 328.291
-12.8273 62.5 4.5442 80.6545 190.912
-5.13356 62.5 20.5009 65.2671 158.998
-27.5 -54.5075 -73.9599 234.015 347.92
-27.5 -47.4655 -89.9309 219.931 379.862
-27.5 -49.6417 -79.7832 224.283 359.566
-27.5 -49.6297 -66.5582 224.259 333.116
-27.5 -52.1623 -87.3455 229.325 374.691
-27.5 -41.7914 -87.4989 208.583 374.998
-27.5 56.8769 -29.5636 11.2461 259.127
-27.5 -51.4908 -71.4024 227.982 342.805
-27.5 -54.4696 -29.0631 233.939 258.126
-27.5 -43.3125 71.9201 211.625 56.1598
-27.5 -46.9606 -61.2744 218.921 322.549
-27.5 -52.0984 -42.3343 229.197 284.669
-27.5 -47.553 -44.8778 220.106 289.756
-27.5 -49.6417 -21.8296 224.283 243.659
-27.5 -49.5299 -12.5036 224.06 225.007
-27.5 -49.6258 -34.9078 224.252 269.816
-27.5 -47.9572 47.1565 220.914 105.687
-27.5 52.418 -22.2506 20.1639 244.501
-27.5 -49.4667 -56.7083 223.933 313.417
-27.5 -45.1085 64.9199 215.217 70.1602
-27.5 53.9586 -27.0812 17.0828 254.162
-27.5 46.1775 72.0863 32.6449 55.8275
-27.5 -46.1067 -52.5565 217.213 305.113
-27.5 -35.3213 29.9306 195.643 140.139
-27.5 -54.4207 -80.3173 233.841 360.635
-27.5 56.7933 -74.4489 11.4135 348.898
-27.5 48.9013 -52.9905 27.1974 305.981
-27.5 50.6774 47.2538 23.6451 105.492
-27.5 -39.626 80.3406 204.252 39.3187
-27.5 49.8042 -90.2524 25.3915 380.505
-27.5 52.2186 -12.7578 20.5627 225.516
-27.5 52.3741 -67.1865 20.2518 334.373
-27.5 52.2 -80.2719 20.5999 360.544
-27.5 53.9508 -71.8716 17.0984 343.743
-27.5 46.4105 26.3653 32.179 147.269
-27.5 44.2167 -87.8279 36.5666 375.656
-27.5 -54.2975 18.494 233.595 163.012
-27.5 54.3994 -87.771 16.2013 375.542
-27.5 54.7113 -42.894 15.5774 285.788
-27.5 54.454 29.9188 16.092 140.162
-27.5 -49.2348 68.6154 223.47 62.7692
-27.5 52.306 -35.3896 20.3879 270.779
-27.5 -54.2901 11.8734 233.58 176.253
-27.5 -47.9234 -0.760315 220.847 201.521
-27.5 50.3831 -45.3366 24.2337 290.673
-27.5 -53.9138 68.36 232.828 63.28
-27.5 52.1358 -57.0996 20.7283 314.199
-27.5 -51.3827 -26.6286 227.765 253.257
-27.5 47.9293 65.1865 29.1415 69.6269
-27.5 -51.8171 29.9554 228.634 140.089
-27.5 -54.3091 -35.3329 233.618 270.666
-27.5 -49.509 34.564 224.018 130.872
-27.5 -56.7407 38.8014 238.481 122.397
-27.5 49.711 -61.7035 25.578 323.407
-27.5 -54.9602 -65.4864 234.92 330.973
-27.5 -54.0236 34.4593 233.047 131.081
-27.5 56.8706 18.4514 11.2588 163.097
-27.5 50.6341 -1.01826 23.7319 202.037
-27.5 -55.2718 46.9639 235.544 106.072
-27.5 -54.1876 -66.4557 233.375 332.911
-27.5 -53.9161 -12.6355 232.832 225.271
-27.5 52.0015 68.7142 20.997 62.5715
-27.5 54.0153 79.7659 16.9694 40.4682
-27.5 -46.6334 -16.7244 218.267 233.449
-27.5 -45.9772 2.96205 216.954 194.076
-27.5 42.4602 80.4525 40.0795 39.0951
-27.5 49.5385 -17.2556 25.923 234.511
-27.5 -44.1323 26.3106 213.265 147.379
-27.5 51.6003 -55.7642 21.7993 311.528
-27.5 51.3715 84.4064 22.257 31.1872
-27.5 -44.606 30.2988 214.212 139.402
-27.5 56.5588 68.7067 11.8824 62.5865
-27.5 -37.1082 88.5146 199.216 22.9708
-27.5 -49.4533 61.5379 223.907 76.9243
-27.5 -42.5091 91.9403 210.018 16.1194
-27.5 -48.5081 85.0738 222.016 29.8524
-27.5 39.9374 88.629 45.1251 22.7421
-27.5 56.8874 11.7007 11.2251 176.599
-27.5 -54.98 -55.3439 234.96 310.688
-27.5 -39.2666 30.6638 203.533 138.672
-27.5 -46.1865 -8.33372 217.373 216.667
-27.5 56.8734 -35.8765 11.2532 271.753
-27.5 -44.2098 80.0846 213.42 39.8308
-27.5 56.7079 -80.7377 11.5841 361.475
-27.5 -45.0389 34.0196 215.078 131.961
-27.5 48.9925 -8.57119 27.0149 217.142
-27.5 46.8278 80.1392 31.3443 39.7216
-27.5 -53.767 61.5 232.534 77
-27.5 -44.6342 83.6613 214.268 32.6773
-27.5 -46.4649 -39.7494 217.93 279.499
-27.5 49.2495 -40.1631 26.501 280.326
-27.5 48.6553 2.91921 27.6893 194.162
-27.5 -54.0553 -21.7496 233.111 243.499
-27.5 -49.6715 11.7318 224.343 176.536
-27.5 -49.7085 18.8108 224.417 162.378
-27.5 47.3351 30.35 30.3299 139.3
-27.5 -54.3459 -56.5098 233.692 313.02
-27.5 -48.9566 25.9117 222.913 148.177
-27.5 -31.4865 91.749 187.973 16.502
-27.5 -46.7343 88.5816 218.469 22.8367
-27.5 47.6919 34.0061 29.6162 131.988
-27.5 52.1472 34.5693 20.7056 130.861
-27.5 -47.0461 -84.6937 219.092 369.387
-27.5 54.5624 42.1971 15.8752 115.606
-27.5 -54.904 -20.7143 234.808 241.429
-27.5 -51.8609 -17.4559 228.722 234.912
-27.5 -44.2727 76.001 213.545 47.9979
-27.5 -52.039 42.1342 229.078 115.732
-27.5 47.1402 83.6921 30.7197 32.6157
-27.5 -45.7132 -4.09647 216.426 208.193
-27.5 -52.0317 -49.1448 229.063 298.29
-27.5 -47.8213 -73.5291 220.643 347.058
-27.5 48.5203 -4.24725 27.9595 208.494
-27.5 -48.8941 35.7208 222.788 128.558
-27.5 -55.9922 -1.08286 236.984 202.166
-27.5 45.1125 91.8794 34.775 16.2413
-27.5 56.4342 61.7733 12.1315 76.4533
-27.5 -54.8438 -11.3659 234.688 222.732
-27.5 54.4921 -17.7845 16.0159 235.569
-27.5 -43.3066 30.363 211.613 139.274
-27.5 -44.9058 18.4613 214.812 163.077
-27.5 52.29 61.7961 20.42 76.4078
-27.5 -49.4094 27.3836 223.819 145.233
-27.5 53.7432 91.7181 17.5135 16.5639
-27.5 -48.6373 75.7152 222.275 48.5695
-27.5 51.2845 75.835 22.4311 48.3301
-27.5 -56.6022 -76.5807 238.204 353.161
-27.5 52.4915 18.6886 20.017 162.623
-27.5 46.7295 76.2883 31.5411 47.4234
-27.5 48.4303 -48.1173 28.1395 296.235
-27.5 47.9018 18.432 29.1964 163.136
-27.5 -47.0954 38.9099 219.191 122.18
-27.5 48.9475 88.5112 27.105 22.9776
-27.5 -54.1043 -58.161 233.209 316.322
-27.5 -55.426 25.1318 235.852 149.736
-27.5 -50.502 -75.1723 226.004 350.345
-27.5 -53.7522 84.1297 232.504 31.7407
-27.5 52.3744 11.6634 20.2511 176.673
-27.5 34.3969 91.8316 56.2063 16.3368
-27.5 -54.3697 27.4222 233.739 145.156
-27.5 -56.6621 -8.25031 238.324 216.501
-27.5 -45.6696 -47.7216 216.339 295.443
-27.5 49.8271 38.9398 25.3458 122.12
-27.5 -46.313 -76.0165 217.626 352.033
-27.5 51.6579 25.8352 21.6842 148.33
-27.5 -56.5635 -31.7427 238.127 263.485
-27.5 -49.5342 4.59149 224.068 190.817
-27.5 54.5553 -49.7275 15.8894 299.455
-27.5 51.6452 77.2783 21.7097 45.4434
-27.5 -55.8727 57.8942 236.745 84.2115
-27.5 -37.9405 94.0669 200.881 11.8662
-27.5 -48.0693 -28.636 221.139 257.272
-27.5 -51.9539 -62.0836 228.908 324.167
-27.5 -51.9238 -5.39914 228.848 210.798
-27.5 -45.1974 11.345 215.395 177.31
-27.5 -39.4849 34.0614 203.97 131.877
-27.5 -46.0235 -69.1745 217.047 338.349
-27.5 49.5184 -85.0895 25.9632 370.179
-27.5 52.075 27.3949 20.8499 145.21
-27.5 -54.7813 4.57831 234.563 190.843
-27.5 -46.0019 68.3019 217.004 63.3962
-27.5 48.1781 11.1826 28.6439 177.635
-27.5 40.3749 93.8582 44.2502 12.2836
-27.5 -46.1785 93.3459 217.357 13.3081
-27.5 54.5706 -5.65475 15.8588 211.31
-27.5 -56.492 8.44036 237.984 183.119
-27.5 -50.5045 -30.5045 226.009 261.009
-27.5 -48.1198 -49.9691 221.24 299.938
-27.5 48.6836 68.4675 27.6327 63.065
-27.5 48.7777 -25.2957 27.4447 250.591
-27.5 -51.5138 91.72 228.028 16.5601
-27.5 42.3514 -86.3068 40.2971 372.614
-27.5 56.8894 27.3524 11.2213 145.295
-27.5 48.62 -69.6136 27.7599 339.227
-27.5 52.9608 -75.6617 19.0784 351.323
-27.5 -45.0403 49.766 215.081 100.468
-27.5 -46.0197 -24.8149 217.039 249.63
-27.5 52.9365 4.43393 19.127 191.132
-27.5 47.34 44.9908 30.32 110.018
-27.5 47.8555 49.9234 29.2891 100.153
-27.5 56.6671 -58.7922 11.6658 317.584
-27.5 54.8029 4.48183 15.3942 191.036
-27.5 -54.8223 75.1788 234.645 49.6425
-27.5 54.4787 -62.6241 16.0425 325.248
-27.5 -51.856 51.8233 228.712 96.3535
-27.5 -51.5763 79.5288 228.153 40.9423
-27.5 -37.3646 84.4815 199.729 31.037
-27.5 54.0495 61.489 16.9009 77.022
-27.5 42.3697 34.1118 40.2607 131.776
-27.5 -18.612 -66.3601 162.224 332.72
-27.5 -42.3785 67.6187 209.757 64.7627
-27.5 45.2742 67.8859 34.4517 64.2282
-27.5 -54.0135 77.0425 233.027 45.915
-27.5 -44.4745 44.9523 213.949 110.095
-27.5 48.8605 -76.3553 27.279 352.711
-27.5 -41.383 -58.9233 207.766 317.847
-27.5 52.3309 33.3511 20.3382 133.298
-27.5 54.4932 51.9987 16.0136 96.0027
-27.5 -36.7357 23.7228 198.471 152.554
-27.5 -43.6796 -92.6823 212.359 385.365
-27.5 40.3799 84.1082 44.2401 31.7837
-27.5 -44.3712 -91.7576 213.742 383.515
-27.5 -51.815 54.2818 228.63 91.4364
-27.5 44.8508 2.3758 35.2984 195.248
-27.5 -35.9091 22.0408 196.818 155.918
-27.5 46.7638 -92.1436 31.4724 384.287
-27.5 40.193 -58.7987 44.6141 317.597
-27.5 -41.1679 0.657059 207.336 198.686
-27.5 -49.3067 91.6276 223.613 16.7449
-27.5 45.1068 -26.9332 34.7863 253.866
-27.5 -46.2487 -31.1997 217.497 262.399
-27.5 48.9782 -31.6865 27.0435 263.373
-27.5 -42.9699 40.2233 210.94 119.553
-27.5 54.4665 68.5499 16.0671 62.9002
-27.5 -36.1484 25.6468 197.297 148.706
-27.5 54.4845 54.5095 16.031 90.981
-27.5 -41.1156 -28.9366 207.231 257.873
-27.5 37.273 83.3432 50.4539 33.3135
-27.5 50.3505 21.959 24.299 156.082
-27.5 -44.7444 41.1772 214.489 117.646
-27.5 -44.8111 55.1723 214.622 89.6554
-27.5 -30.548 19.0318 186.096 161.936
-27.5 48.2259 40.7166 28.5483 118.567
-27.5 45.2551 -56.893 34.4897 313.786
-27.5 -54.8898 50.6504 234.78 98.6992
-27.5 -27.4043 90.3606 179.809 19.2787
-27.5 41.5089 76.3235 41.9822 47.3529
-27.5 42.7095 30.824 39.581 138.352
-27.5 25.7352 -3.31031 73.5295 206.621
-27.5 -34.6058 83.2067 194.212 33.5866
-27.5 47.7284 55.2142 29.5432 89.5716
-27.5 30.2856 90.5008 64.4288 18.9984
-27.5 -38.5876 76.0993 202.175 47.8014
-27.5 42.5863 30.0585 39.8274 139.883
-27.5 -50.4269 45.0675 225.854 109.865
-27.5 47.1359 36.9344 30.7282 126.131
-27.5 -45.7248 -50.3659 216.45 300.732
-27.5 46.9291 61.1918 31.1419 77.6164
-27.5 46.0942 40.5083 32.8117 118.983
-27.5 -33.2595 -8.90178 191.519 217.804
-27.5 -44.7532 38.4307 214.506 123.139
-27.5 -3.06024 -62.4697 131.12 324.939
-27.5 -16.3263 27.7732 157.653 144.454
-27.5 -36.1155 -66.6017 197.231 333.203
-27.5 39.6502 -67.7934 45.6997 335.587
-27.5 -14.7151 -62.7359 154.43 325.472
-27.5 42.7781 58.7543 39.4438 82.4914
-27.5 36.9345 -9.61295 51.131 219.226
-27.5 39.174 -29.988 46.6519 259.976
-27.5 -45.22 -58.568 215.44 317.136
-27.5 47.9613 -58.7639 29.0773 317.528
-27.5 34.5232 83.2355 55.9535 33.5289
-27.5 -42.3826 2.66881 209.765 194.662
-27.5 -42.6313 -26.3303 210.263 252.661
-27.5 -14.9123 -32.5696 154.825 265.139
-27.5 -44.1257 60.9437 213.251 78.1126
-27.5 39.2102 -0.156006 46.5797 200.312
-27.5 -47.028 6.58479 219.056 186.83
-27.5 40.8208 -32.3886 43.3583 264.777
-27.5 46.0095 -63.3468 32.981 326.694
-27.5 -22.7023 -2.66279 170.405 205.326
-27.5 41.0328 -2.47376 42.9345 204.948
-27.5 -20.6529 26.8434 166.306 146.313
-27.5 -49.1814 54.4346 223.363 91.1309
-27.5 -31.8283 -85.4517 188.657 370.903
-27.5 49.4948 6.38816 26.0103 187.224
-27.5 -22.5066 -3.15165 170.013 206.303
-27.5 2.93278 -32.5605 119.134 265.121
-27.5 18.9021 -63.3064 87.1958 326.613
-27.5 -3.30343 -61.6731 131.607 323.346
-27.5 36.4856 -67.1893 52.0288 334.379
-27.5 51.6767 54.5607 21.6466 90.8785
-27.5 19.7546 -62.8544 85.4907 325.709
-27.5 -30.52 -39.9518 186.04 279.904
-27.5 -10.8969 -62.3071 146.794 324.614
-27.5 18.6138 -32.5891 87.7725 265.178
-27.5 18.7277 -62.683 87.5445 325.366
-27.5 -6.24416 25.2955 137.488 149.409
-27.5 -42.6012 -31.6229 210.202 263.246
-27.5 34.6239 -85.4795 55.7522 370.959
-27.5 39.996 -37.6835 45.008 275.367
-27.5 41.2322 58.1097 42.5356 83.7806
-27.5 -37.6313 -13.1144 200.263 226.229
-27.5 -42.6024 -61.394 210.205 322.788
-27.5 35.2914 -86.8241 54.4173 373.648
-27.5 -45.7661 59.034 216.532 81.932
-27.5 -45.0918 7.75854 215.184 184.483
-27.5 -9.26656 -34.2675 143.533 268.535
-27.5 40.6917 7.56522 43.6166 184.87
-27.5 -42.3686 -56.7502 209.737 313.5
-27.5 -7.46165 -1.65852 139.923 203.317
-27.5 -20.9072 -57.1178 166.814 314.236
-27.5 -36.9329 6.48698 198.866 187.026
-27.5 34.8867 87.2416 55.2265 25.5167
-27.5 -8.3302 -1.16972 141.66 202.339
-27.5 49.0158 59.4088 26.9683 81.1825
-27.5 38.6424 2.14597 47.7152 195.708
-27.5 -19.0572 -45.9295 163.114 291.859
-27.5 -31.9954 87.1131 188.991 25.7738
-27.5 -3.94434 27.996 132.889 144.008
-27.5 7.50331 -1.17728 109.993 202.355
-27.5 -38.5885 -76.7764 202.177 353.553
-27.5 -40.9675 60.6631 206.935 78.6738
-27.5 37.0313 -37.7168 50.9374 275.434
-27.5 20.0562 -3.31389 84.8877 206.628
-27.5 -8.75206 -40.3872 142.504 280.774
-27.5 -38.7854 -15.8636 202.571 231.727
-27.5 -26.0303 -43.5919 177.061 287.184
-27.5 -39.8043 60.0116 204.609 79.9768
-27.5 -13.5685 -38.706 152.137 277.412
-27.5 -9.48618 -69.5331 143.972 339.066
-27.5 -33.4489 2.45786 191.898 195.084
-27.5 31.992 -25.4498 61.0159 250.9
-27.5 -7.94938 24.7334 140.899 150.533
-27.5 40.0715 6.37292 44.857 187.254
-27.5 -27.0947 -25.0382 179.189 250.076
-27.5 35.6689 85.1569 53.6621 29.6862
-27.5 17.878 -1.23225 89.2439 202.464
-27.5 -28.7922 10.026 182.584 179.948
-27.5 -8.17838 -39.6783 141.357 279.357
-27.5 40.103 27.0408 44.7939 145.918
-27.5 -35.7331 -47.2991 196.466 294.598
-27.5 -9.23748 -32.3032 143.475 264.606
-27.5 -37.3234 8.31877 199.647 183.362
-27.5 -14.223 27.7745 153.446 144.451
-27.5 -17.6979 -4.24538 160.396 208.491
-27.5 -20.2413 -58.3926 165.483 316.785
-27.5 31.9257 -50.9219 61.1486 301.844
-27.5 -37.1863 -72.3691 199.373 344.738
-27.5 40.1633 -47.8348 44.6734 295.67
-27.5 -15.2006 19.4402 155.401 161.12
-27.5 -1.79449 -1.56189 128.589 203.124
-27.5 -35.1868 7.1706 195.374 185.659
-27.5 42.3495 -17.7548 40.301 235.51
-27.5 12.9465 -69.5598 99.107 339.12
-27.5 -0.285465 -1.28486 125.571 202.57
-27.5 12.9045 -12.0521 99.1909 224.104
-27.5 17.6117 19.607 89.7766 160.786
-27.5 36.9894 -25.8481 51.0211 251.696
-27.5 35.0094 55.9275 54.9811 88.1449
-27.5 -9.26507 -12.3157 143.53 224.631
-27.5 30.6509 -55.3914 63.6981 310.783
-27.5 -6.39897 -61.8185 137.798 323.637
-27.5 -15.7855 -68.6885 156.571 337.377
-27.5 -32.9856 84.9587 190.971 30.0827
-27.5 -37.8939 59.2462 200.788 81.5076
-27.5 43.2303 13.5798 38.5394 172.84
-27.5 23.5714 -54.4518 77.8571 308.904
-27.5 12.8456 -70.3675 99.3089 340.735
-27.5 -36.0562 -58.9229 197.112 317.846
-27.5 -16.2479 -10.4528 157.496 220.906
-27.5 -38.6793 13.8177 202.359 172.365
-27.5 -24.7831 -55.3026 174.566 310.605
-27.5 13.8952 -39.6473 97.2095 279.295
-27.5 21.8279 -10.2565 81.3441 220.513
-27.5 21.0935 -10.2712 82.813 220.542
-27.5 8.19437 21.6323 108.611 156.735
-27.5 -35.315 -84.4294 195.63 368.859
-27.5 -2.23335 -63.0266 129.467 326.053
-27.5 -7.1955 -30.8934 139.391 261.787
-27.5 -37.8142 11.2667 200.628 177.467
-27.5 10.7173 -37.9836 103.565 275.967
-27.5 -5.91769 -85.9572 136.835 371.914
-27.5 42.7165 -16.0641 39.5669 232.128
-27.5 33.4872 -35.3329 58.0256 270.666
-27.5 33.7462 10.4128 57.5076 179.174
-27.5 -14.659 -10.368 154.318 220.736
-27.5 -6.06725 -87.8707 137.134 375.741
-27.5 42.0642 31.6153 40.8716 136.769
-27.5 12.3433 -39.3197 100.313 278.639
-27.5 -33.5945 7.10663 192.189 185.787
-27.5 3.18315 -61.2662 118.634 322.532
-27.5 -23.254 -47.0918 171.508 294.184
-27.5 -4.64543 -0.9897 134.291 201.979
-27.5 28.1464 -47.6165 68.7072 295.233
-27.5 43.9285 85.8175 37.143 28.3651
-27.5 47.3248 -80.039 30.3503 360.078
-27.5 44.214 -16.0151 36.572 232.03
-27.5 -30.5261 -75.0725 186.052 350.145
-27.5 -51.9637 23.215 228.927 153.57
-27.5 -4.19239 8.98923 133.385 182.022
-27.5 -35.4555 -28.9584 195.911 257.917
-27.5 29.913 54.5626 65.174 90.8747
-27.5 5.96244 -1.68389 113.075 203.368
-27.5 -4.13442 -60.2504 133.269 320.501
-27.5 41.604 -36.0108 41.792 272.022
-27.5 -14.974 -47.0435 154.948 294.087
-27.5 12.9939 -1.23003 99.0121 202.46
-27.5 12.9151 27.9279 99.1697 144.144
-27.5 37.7676 -55.6243 49.4647 311.249
-27.5 20.0032 -92.0515 84.9937 384.103
-27.5 35.7956 -47.416 53.4088 294.832
-27.5 30.4928 13.5921 64.0144 172.816
-27.5 35.1445 -79.5869 54.7109 359.174
-27.5 31.845 -66.6593 61.3099 333.319
-27.5 25.0552 -16.2846 74.8897 232.569
-27.5 -38.1415 -52.1528 201.283 304.306
-27.5 -6.80143 -57.1483 138.603 314.297
-27.5 0.474895 3.99847 124.05 192.003
-27.5 15.0224 25.8221 94.9552 148.356
-27.5 -36.8173 43.7804 198.635 112.439
-27.5 23.8953 15.1337 77.2093 169.733
-27.5 44.9177 -22.6095 35.1646 245.219
-27.5 26.9242 -57.4846 71.1516 314.969
-27.5 -39.4484 46.1635 203.897 107.673
-27.5 -33.1043 13.2712 191.209 173.458
-27.5 -9.92444 25.343 144.849 149.314
-27.5 0.630791 -59.9973 123.738 319.995
-27.5 -1.72065 -87.9041 128.441 375.808
-27.5 26.4874 -8.86918 72.0252 217.738
-27.5 9.98971 -3.79137 105.021 207.583
-27.5 19.0416 18.5738 86.9168 162.852
-27.5 18.4653 -40.521 88.0694 281.042
-27.5 36.6227 26.4869 51.7546 147.026
-27.5 -21.6344 12.5185 168.269 174.963
-27.5 -31.688 -76.6527 188.376 353.305
-27.5 18.4118 -70.3582 88.1764 340.716
-27.5 32.8185 -55.223 59.3631 310.446
-27.5 -30.9039 -46.9801 186.808 293.96
-27.5 22.4028 -39.1239 80.1944 278.248
-27.5 26.5075 2.57339 71.985 194.853
-27.5 41.6548 -69.8316 41.6904 339.663
-27.5 41.8048 -66.3393 41.3904 332.679
-27.5 34.7734 25.5215 55.4533 148.957
-27.5 37.9748 -91.9053 49.0504 383.811
-27.5 -19.4575 -92.0471 163.915 384.094
-27.5 12.0146 -61.9509 100.971 323.902
-27.5 -34.8917 33.8918 194.783 132.216
-27.5 -27.2736 49.761 179.547 100.478
-27.5 5.45271 -59.9779 114.095 319.956
-27.5 -20.6951 7.58936 166.39 184.821
-27.5 -18.4713 -8.29375 161.943 216.588
-27.5 22.1348 3.9061 80.7303 192.188
-27.5 -40.7948 45.028 206.59 109.944
-27.5 -18.2751 -87.0168 161.55 374.034
-27.5 23.2199 -88.4143 78.5602 376.829
-27.5 -34.2292 -25.1572 193.458 250.314
-27.5 -15.4622 -87.8053 155.924 375.611
-27.5 19.8402 27.8763 85.3195 144.247
-27.5 40.7483 -24.2506 43.5035 248.501
-27.5 -35.3194 -21.5698 195.639 243.14
-27.5 24.6853 -14.8539 75.6294 229.708
-27.5 24.5426 -50.7543 75.9147 301.509
-27.5 -36.6965 -63.9806 198.393 327.961
-27.5 -37.2857 -64.3956 199.571 328.791
-27.5 -22.8675 -26.6435 170.735 253.287
-27.5 -34.8166 -25.072 194.633 250.144
-27.5 36.1538 -55.5271 52.6925 311.054
-27.5 -0.165997 -57.3639 125.332 314.728
-27.5 -22.347 -28.2481 169.694 256.496
-27.5 -3.57304 -71.2404 132.146 342.481
-27.5 -16.1191 24.9651 157.238 150.07
-27.5 36.7466 6.72189 51.5068 186.556
-27.5 16.0716 -1.53771 92.8568 203.075
-27.5 -19.6588 19.4935 164.318 161.013
-27.5 -0.416977 -42.8953 125.834 285.791
-27.5 -26.3511 -66.2693 177.702 332.539
-27.5 0.443378 -87.1086 124.113 374.217
-27.5 15.2726 28.2415 94.4548 143.517
-27.5 13.2076 -32.0687 98.5848 264.137
-27.5 -38.3535 38.3877 201.707 123.225
-27.5 41.1791 38.3642 42.6419 123.272
-27.5 -38.0132 -6.02785 201.026 212.056
-27.5 -47.7791 64.9604 220.558 70.0792
-27.5 -0.856266 -33.0477 126.713 266.095
-27.5 -21.0314 10.0828 167.063 179.834
-27.5 2.51601 -0.0455322 119.968 200.091
-27.5 -11.5267 -0.0789261 148.053 200.158
-27.5 29.4759 -3.41572 66.0482 206.831
-27.5 -43.8424 -66.4197 212.685 332.839
-27.5 -36.2373 -33.9458 197.475 267.892
-27.5 -11.3132 -43.539 147.626 287.078
-27.5 11.4793 3.92728 102.041 192.145
-27.5 32.7462 -16.3765 59.5075 232.753
-27.5 27.148 -92.4547 70.7039 384.909
-27.5 -33.7178 -15.0175 192.436 230.035
-27.5 -34.9629 -3.62399 194.926 207.248
-27.5 15.7487 -45.4825 93.5027 290.965
-27.5 5.25914 -20.3446 114.482 240.689
-27.5 -19.4872 -39.7198 163.974 279.44
-27.5 13.3652 -60.0385 98.2697 320.077
-27.5 -14.0687 -87.9246 153.137 375.849
-27.5 1.9706 10.1336 121.059 179.733
-27.5 21.0618 -87.9736 82.8763 375.947
-27.5 -3.72705 -4.81197 132.454 209.624
-27.5 18.6492 27.8993 87.7017 144.201
-27.5 -32.6039 -50.4252 190.208 300.85
-27.5 19.9246 -40.2775 85.1508 280.555
-27.5 18.6242 -87.7633 87.7517 375.527
-27.5 -34.7096 67.0161 194.419 65.9679
-27.5 22.3101 19.5448 80.3798 160.91
-27.5 8.89264 -86.1206 107.215 372.241
-27.5 2.272 16.4183 120.456 167.163
-27.5 -42.4198 85.5824 209.84 28.8351
-27.5 -18.8314 -85.6602 162.663 371.32
-27.5 10.1691 16.6553 104.662 166.689
-27.5 30.793 -75.6188 63.414 351.238
-27.5 16.2087 -57.4065 92.5826 314.813
-27.5 24.1586 -71.0416 76.6828 342.083
-27.5 -17.1236 -84.9706 159.247 369.941
-27.5 -25.1116 -14.5973 175.223 229.195
-27.5 -11.8083 -3.43457 148.617 206.869
-27.5 54.5827 23.1982 15.8347 153.604
-27.5 -51.926 0.553619 228.852 198.893
-27.5 -32.2979 -24.9009 189.596 249.802
-27.5 37.597 74.9946 49.806 50.0108
-27.5 -27.4578 -17.279 179.916 234.558
-27.5 0.347618 -85.7052 124.305 371.41
-27.5 -19.7952 -73.934 164.59 347.868
-27.5 -7.34372 -92.5169 139.687 385.034
-27.5 -22.9459 -15.9085 170.892 231.817
-27.5 1.00591 -25.4236 122.988 250.847
-27.5 44.6024 11.2458 35.7953 177.508
-27.5 3.62176 2.50096 117.756 194.998
-27.5 -43.3399 -75.1817 211.68 350.363
-27.5 -28.4071 7.5817 181.814 184.837
-27.5 0.395966 -30.3059 124.208 260.612
-27.5 -2.86244 -46.0484 130.725 292.097
-27.5 -51.4387 73.1246 227.877 53.7509
-27.5 11.4939 -6.14175 102.012 212.284
-27.5 -1.96154 -0.19352 128.923 200.387
-27.5 36.0787 -49.3333 52.8427 298.667
-27.5 26.4329 -58.7607 72.1341 317.521
-27.5 7.24478 -87.7781 110.51 375.556
-27.5 7.15924 -34.1997 110.682 268.399
-27.5 -12.9678 -85.932 150.936 371.864
-27.5 34.2826 14.6086 56.4348 170.783
-27.5 27.0022 -74.2408 70.9956 348.482
-27.5 7.17899 -32.1456 110.642 264.291
-27.5 -25.0206 -35.5124 175.041 271.025
-27.5 -17.1 8.96465 159.2 182.071
-27.5 -10.6623 12.7507 146.325 174.499
-27.5 9.1575 -87.5514 106.685 375.103
-27.5 -41.8883 -22.6575 208.777 245.315
-27.5 34.562 -63.4017 55.876 326.803
-27.5 5.76639 -33.3779 113.467 266.756
-27.5 9.24018 -21.4761 106.52 242.952
-27.5 -30.2295 -58.9305 185.459 317.861
-27.5 -34.1395 46.78 193.279 106.44
-27.5 24.1336 -48.5858 76.7328 297.172
-27.5 -39.3178 -30.9737 203.636 261.947
-27.5 11.017 8.83566 102.966 182.329
-27.5 32.4284 -59.3737 60.1432 318.747
-27.5 -12.9385 10.1705 150.877 179.659
-27.5 1.24254 -49.5825 122.515 299.165
-27.5 25.5299 -85.9411 73.9402 371.882
-27.5 6.68081 -78.1236 111.638 356.247
-27.5 -24.4019 -33.7361 173.804 267.472
-27.5 4.75729 27.9538 115.485 144.092
-27.5 26.5836 -24.0525 71.8329 248.105
-27.5 8.28964 -83.4525 108.421 366.905
-27.5 6.2255 -3.32334 112.549 206.647
-27.5 10.3817 -76.7882 104.237 353.576
-27.5 35.8975 -74.5357 53.205 349.071
-27.5 25.8556 -83.4074 73.2888 366.815
-27.5 -14.2832 0.133186 153.566 199.734
-27.5 5.21281 -84.5002 114.574 369
-27.5 7.17756 -0.0853348 110.645 200.171
-27.5 -8.78854 -59.6143 142.577 319.229
-27.5 -13.4748 4.05305 151.95 191.894
-27.5 17.4428 -25.4973 90.1143 250.995
-27.5 -0.0579834 -51.9247 125.116 303.849
-27.5 -44.2836 -79.5082 213.567 359.016
-27.5 4.65585 -92.4594 115.688 384.919
-27.5 -47.4189 71.6138 219.838 56.7723
-27.5 -2.13345 7.37976 129.267 185.24
-27.5 44.2081 49.5458 36.5839 100.908
-27.5 -25.2422 -84.4756 175.484 368.951
-27.5 -11.8089 -10.3388 148.618 220.678
-27.5 -10.0736 -71.8304 145.147 343.661
-27.5 -22.9074 -8.48018 170.815 216.96
-27.5 11.7031 6.35986 101.594 187.28
-27.5 -12.4672 -74.0476 149.934 348.095
-27.5 -3.06583 -68.3583 131.132 336.717
-27.5 33.3183 -75.3275 58.3634 350.655
-27.5 17.8659 -83.4576 89.2681 366.915
-27.5 -12.1116 4.06393 149.223 191.872
-27.5 -11.327 39.0971 147.654 121.806
-27.5 -31.857 56.563 188.714 86.8739
-27.5 -24.2655 6.43722 173.531 187.126
-27.5 5.34223 -82.5342 114.316 365.068
-27.5 36.4192 -32.9783 52.1617 265.957
-27.5 -43.4544 -21.9433 211.909 243.887
-27.5 -10.9129 -16.2973 146.826 232.595
-27.5 24.3684 7.56847 76.2631 184.863
-27.5 -18.8201 -36.4012 162.64 272.802
-27.5 -31.995 32.8846 188.99 134.231
-27.5 -11.0592 -18.7683 147.118 237.537
-27.5 42.2448 46.3 40.5103 107.4
-27.5 43.7043 44.9972 37.5913 110.006
-27.5 -22.9565 -24.1378 170.913 248.276
-27.5 7.59117 -25.4895 109.818 250.979
-27.5 12.2191 -59.9823 100.562 319.965
-27.5 -16.2836 -0.0540466 157.567 200.108
-27.5 -5.4397 -77.0029 135.879 354.006
-27.5 17.1257 -76.9148 90.7485 353.83
-27.5 0.459084 6.29713 124.082 187.406
-27.5 13.9371 -71.8464 97.1258 343.693
-27.5 -8.7434 7.65301 142.487 184.694
-27.5 -10.5558 19.2593 146.112 161.481
-27.5 -3.57825 -69.5863 132.156 339.173
-27.5 13.66 -24.3765 97.68 248.753
-27.5 -11.4602 16.6336 147.92 166.733
-27.5 -38.282 63.7477 201.564 72.5046
-27.5 1.76012 -47.2264 121.48 294.453
-27.5 -13.9447 -21.6389 152.889 243.278
-27.5 -11.4029 -49.2331 147.806 298.466
-27.5 17.8201 3.78277 89.3598 192.434
-27.5 -24.4373 8.74044 173.875 182.519
-27.5 31.3008 16.7161 62.3984 166.568
-27.5 24.785 -58.8217 75.4299 317.643
-27.5 -3.87049 11.4089 132.741 177.182
-27.5 12.8171 -29.961 99.3657 259.922
-27.5 15.8969 -70.6935 93.2062 341.387
-27.5 35.7613 -77.564 53.4774 355.128
-27.5 6.7893 28.121 111.421 143.758
-27.5 -3.64081 -50.6962 132.282 301.392
-27.5 -13.292 -12.292 151.584 224.584
-27.5 29.2786 -84.6225 66.4428 369.245
-27.5 -3.6231 -48.3011 132.246 296.602
-27.5 32.4711 -18.1532 60.0578 236.306
-27.5 -8.94325 -29.8696 142.887 259.739
-27.5 21.8493 -29.0845 81.3014 258.169
-27.5 15.5951 -47.2088 93.8098 294.418
-27.5 -7.19577 -51.8029 139.392 303.606
-27.5 -30.5147 78.7104 186.029 42.5791
-27.5 17.233 -85.3206 90.534 370.641
-27.5 -13.9342 6.327 152.868 187.346
-27.5 -38.7256 71.2246 202.451 57.5508
-27.5 -38.1069 40.6959 201.214 118.608
-27.5 10.634 -0.0383911 103.732 200.077
-27.5 4.20949 -56.2679 116.581 312.536
-27.5 -9.74878 -46.0557 144.498 292.111
-27.5 -16.9663 11.2615 158.933 177.477
-27.5 26.1449 -80.967 72.7102 361.934
-27.5 19.7678 -56.3732 85.4643 312.746
-27.5 12.1714 -82.1996 100.657 364.399
-27.5 -20.262 18.5891 165.524 162.822
-27.5 21.8665 -26.8732 81.2669 253.746
-27.5 10.0606 -18.916 104.879 237.832
-27.5 11.5167 -9.40137 101.967 218.803
-27.5 -8.74074 -75.5253 142.481 351.051
-27.5 42.0867 -48.9308 40.8267 297.862
-27.5 -15.6007 -88.1519 156.201 376.304
-27.5 -34.6422 51.4945 194.284 97.0111
-27.5 24.1255 -85.576 76.7489 371.152
-27.5 12.8903 12.8992 99.2195 174.202
-27.5 3.3476 -47.3054 118.305 294.611
-27.5 13.2936 -34.3114 98.4128 268.623
-27.5 13.4425 -0.0727234 98.1149 200.145
-27.5 7.92418 -84.4903 109.152 368.981
-27.5 13.55 -26.6021 97.9 253.204
-27.5 7.21133 -85.8194 110.577 371.639
-27.5 -32.4505 33.4548 189.901 133.09
-27.5 7.24901 -83.449 110.502 366.898
-27.5 44.3886 47.9409 36.2229 104.118
-27.5 41.3812 71.8936 42.2375 56.2127
-27.5 -3.84544 -11.0222 132.691 222.044
-27.5 -40.945 50.5926 206.89 98.8148
-27.5 -14.2413 -91.1578 153.483 382.316
-27.5 22.1014 -20.4661 80.7972 240.932
-27.5 13.8457 -10.5755 97.3085 221.151
-27.5 -6.51745 -53.8026 138.035 307.605
-27.5 -17.5725 -40.5732 160.145 281.146
-27.5 10.3097 -33.941 104.381 267.882
-27.5 31.6316 -43.9177 61.7368 287.835
-27.5 -34.0927 -55.2559 193.185 310.512
-27.5 22.2102 6.12809 80.5796 187.744
-27.5 32.6771 -91.2065 59.6458 382.413
-27.5 21.3387 8.90137 82.3227 182.197
-27.5 30.6135 60.864 63.773 78.2719
-27.5 -18.0646 -25.3411 161.129 250.682
-27.5 -25.4753 -91.8295 175.951 383.659
-27.5 15.0461 7.65326 94.9079 184.693
-27.5 -27.3577 -40.4816 179.715 280.963
-27.5 -27.0315 -91.5085 179.063 383.017
-27.5 -7.89157 -54.0706 140.783 308.141
-27.5 21.4409 -43.6608 82.1182 287.322
-27.5 -19.4976 -66.382 163.995 332.764
-27.5 46.1718 7.88737 32.6564 184.225
-27.5 24.1989 -33.284 76.6022 266.568
-27.5 44.5056 -30.969 35.9887 261.938
-27.5 54.6169 0.362404 15.7662 199.275
-27.5 25.8729 -28.1027 73.2543 256.205
-27.5 8.98577 -58.4805 107.028 316.961
-27.5 13.751 -78.0661 97.4979 356.132
-27.5 -20.8417 -62.9472 166.683 325.894
-27.5 32.497 -62.628 60.006 325.256
-27.5 -24.6538 2.5728 174.308 194.854
-27.5 -33.4668 73.4053 191.934 53.1894
-27.5 7.22791 -50.708 110.544 301.416
-27.5 -8.91573 44.1483 142.831 111.703
-27.5 2.82819 -79.5539 119.344 359.108
-27.5 -17.2015 -82.772 159.403 365.544
-27.5 21.2364 11.129 82.5271 177.742
-27.5 -10.8694 -50.6408 146.739 301.282
-27.5 -9.96678 20.8099 144.934 158.38
-27.5 -5.23701 -22.8583 135.474 245.717
-27.5 28.045 10.0409 68.9101 179.918
-27.5 -32.5037 -55.1216 190.007 310.243
-27.5 -6.34231 22.9218 137.685 154.156
-27.5 -31.29 27.2919 187.58 145.416
-27.5 -19.0207 -18.7986 163.041 237.597
-27.5 21.0177 6.26724 82.9645 187.466
-27.5 11.0117 6.28645 102.977 187.427
-27.5 1.86225 -66.4386 121.276 332.877
-27.5 40.7356 40.6369 43.5289 118.726
-27.5 54.174 73.3163 16.652 53.3674
-27.5 -25.4115 -77.8321 175.823 355.664
-27.5 6.30424 17.7644 112.392 164.471
-27.5 -6.18618 64.0176 137.372 71.9648
-27.5 -9.49068 -84.5444 143.981 369.089
-27.5 16.6448 1.47752 91.7103 197.045
-27.5 -20.1447 -70.8157 165.289 341.631
-27.5 -7.87301 -26.5317 140.746 253.063
-27.5 18.3589 24.9154 88.2821 150.169
-27.5 2.59952 29.9014 119.801 140.197
-27.5 -10.6581 -45.531 146.316 291.062
-27.5 33.8714 32.0714 57.2572 135.857
-27.5 -1.91457 6.09392 128.829 187.812
-27.5 -15.1138 -92.3146 155.228 384.629
-27.5 -9.59461 -58.409 144.189 316.818
-27.5 -4.0703 -27.7806 133.141 255.561
-27.5 7.06545 -43.7867 110.869 287.573
-27.5 -22.5412 -10.4549 170.082 220.91
-27.5 -1.93887 2.04319 128.878 195.914
-27.5 -16.7543 44.4221 158.509 111.156
-27.5 -8.92529 26.9656 142.851 146.069
-27.5 31.405 -77.9832 62.19 355.966
-6.59581 -62.5 -65.9249 41.8084 331.85
7.37604 -62.5 -2.48487 69.7521 204.97
14.0427 -62.5 -1.93407 83.0855 203.868
11.6916 -62.5 -5.55945 78.3831 211.119
-13.4167 -62.5 -65.9121 28.1667 331.824
-0.0686264 -62.5 -1.90498 54.8627 203.81
14.0287 -62.5 18.351 83.0573 163.298
3.49147 -62.5 -52.0485 61.9829 304.097
-0.262354 -62.5 -20.3532 54.4753 240.706
-2.51722 -62.5 -3.5257 49.9656 207.051
-7.61012 -62.5 -21.4281 39.7798 242.856
5.96383 -62.5 8.01896 66.9277 183.962
-18.3911 -62.5 -55.0113 18.2179 310.023
-18.3356 -62.5 -49.1606 18.3288 298.321
-19.5465 -62.5 -73.5526 15.907 347.105
-2.50322 -62.5 -18.9778 49.9936 237.956
2.98192 -62.5 5.45454 60.9638 189.091
-2.60452 -62.5 0.585312 49.791 198.829
14.1742 -62.5 -76.2708 83.3483 352.542
-7.3263 -62.5 0.850021 40.3474 198.3
2.95125 -62.5 0.685387 60.9025 198.629
12.3875 -62.5 -76.578 79.7749 353.156
18.9368 -62.5 -37.5675 92.8736 275.135
6.42998 -62.5 21.0501 67.86 157.9
-0.498756 -62.5 -29.8091 54.0025 259.618
-15.4575 -62.5 7.63998 24.085 184.72
-0.390755 -62.5 20.5487 54.2185 158.903
2.24682 -62.5 0.873192 59.4936 198.254
5.03435 -62.5 -79.8126 65.0687 359.625
1.01396 -62.5 -73.5828 57.0279 347.166
-6.30003 -62.5 -73.7989 42.3999 347.598
11.4878 -62.5 -76.741 77.9757 353.482
-2.94886 -62.5 -69.9508 49.1023 339.902
-12.4142 -62.5 -87.1574 30.1717 374.315
10.9812 -62.5 0.928986 76.9624 198.142
14.1632 -62.5 -37.9309 83.3264 275.862
-5.07973 -62.5 20.347 44.8405 159.306
2.40432 -62.5 -32.7455 59.8086 265.491
14.0421 -62.5 -36.5548 83.0841 273.11
-9.95656 -62.5 -69.1771 35.0869 338.354
-15.793 -62.5 14.0163 23.414 171.967
-14.6855 -62.5 -76.2288 25.629 352.458
-2.62677 -62.5 -37.4258 49.7465 274.852
12.7944 -62.5 -52.1772 80.5889 304.354
10.5367 -62.5 -52.0168 76.0734 304.034
-2.80444 -62.5 16.3751 49.3911 167.25
10.4835 -62.5 -64.4279 75.9669 328.856
-12.5777 -62.5 -48.8573 29.8446 297.715
12.3984 -62.5 13.7829 79.7969 172.434
-3.17983 -62.5 -84.004 48.6403 368.008
-2.51476 -62.5 7.97914 49.9705 184.042
1.06358 -62.5 7.54252 57.1272 184.915
5.10607 -62.5 -25.8131 65.2121 251.626
-3.06665 -62.5 -31.6529 48.8667 263.306
5.98326 -62.5 11.9815 66.9665 176.037
-2.52081 -62.5 -36.1309 49.9584 272.262
12.4302 -62.5 -22.9962 79.8605 245.992
-9.38875 -62.5 12.8689 36.2225 174.262
9.17869 -62.5 0.964157 73.3574 198.072
-9.87697 -62.5 25.6061 35.2461 148.788
-6.63302 -62.5 -59.1135 41.734 318.227
2.46856 -62.5 -42.4947 59.9371 284.989
2.3624 -62.5 7.58229 59.7248 184.835
10.3967 -62.5 -81.257 75.7933 362.514
-0.0450802 -62.5 -66.8459 54.9098 333.692
-7.1753 -62.5 -47.0544 40.6494 294.109
-5.97823 -62.5 1.25195 43.0435 197.496
12.3415 -62.5 -67.9336 79.683 335.867
11.083 -62.5 -52.0854 77.166 304.171
8.67553 -62.5 -87.2592 72.3511 374.518
-6.90113 -62.5 -56.3561 41.1977 312.712
6.03222 -62.5 -83.9197 67.0644 367.839
-6.09505 -62.5 11.9089 42.8099 176.182
-8.24966 -62.5 -70.4621 38.5007 340.924
-13.7805 -62.5 -44.6828 27.4391 289.366
-18.7845 -62.5 -20.143 17.431 240.286
2.62308 -62.5 16.6181 60.2462 166.764
8.46216 -62.5 -63.3848 71.9243 326.77
-8.50491 -62.5 87.4742 37.9902 25.0517
-4.01335 -62.5 -27.0024 46.9733 254.005
6.46344 -62.5 3.15302 67.9269 193.694
11.1295 -62.5 -22.7301 77.259 245.46
-13.1823 -62.5 -32.5072 28.6354 265.014
15.6709 -62.5 29.4835 86.3418 141.033
-15.0031 -62.5 20.8141 24.9938 158.372
-2.47318 -62.5 1.79868 50.0536 196.403
-7.99957 -62.5 24.8076 39.0009 150.385
-10.0034 -62.5 -83.9072 34.9933 367.814
-2.28057 -62.5 25.7783 50.4389 148.443
-1.58278 -62.5 7.93666 51.8344 184.127
18.1737 -62.5 -25.1074 91.3474 250.215
3.64215 -62.5 -69.1908 62.2843 338.382
-8.11672 -62.5 -32.6665 38.7666 265.333
-8.25751 -62.5 21.2831 38.485 157.434
-17.4292 -62.5 -36.0972 20.1416 272.194
12.3035 -62.5 -67.2128 79.6069 334.426
13.007 -62.5 8.07432 81.014 183.851
14.0295 -62.5 -8.49485 83.059 216.99
-8.79917 -62.5 -68.611 37.4017 337.222
-3.76803 -62.5 -57.8689 47.4639 315.738
13.9363 -62.5 -7.70346 82.8725 215.407
-14.036 -62.5 -81.2469 26.9279 362.494
-6.12675 -62.5 -57.3237 42.7465 314.647
2.67942 -62.5 -24.313 60.3588 248.626
-5.36133 -62.5 -24.3776 44.2773 248.755
-10.214 -62.5 83.3228 34.572 33.3544
-13.0788 -62.5 -91.5688 28.8424 383.138
-1.53629 -62.5 -79.8905 51.9274 359.781
9.78492 -62.5 7.75719 74.5698 184.486
0.0602913 -62.5 0.897346 55.1206 198.205
2.64969 -62.5 -4.89968 60.2994 209.799
3.40126 -62.5 -5.03401 61.8025 210.068
-5.18741 -62.5 -52.2071 44.6252 304.414
-7.8486 -62.5 -76.1364 39.3028 352.273
-7.26946 -62.5 -24.1118 40.4611 248.224
8.43628 -62.5 -51.605 71.8726 303.21
-5.30476 -62.5 5.58958 44.3905 188.821
13.58 -62.5 29.6136 82.16 140.773
6.07626 -62.5 -44.1763 67.1525 288.353
-10.8933 -62.5 11.7231 33.2134 176.554
-14.6436 -62.5 -27.9005 25.7127 255.801
-4.91167 -62.5 86.4314 45.1767 27.1371
7.43161 -62.5 -55.5009 69.8632 311.002
-0.37134 -62.5 -25.0711 54.2573 250.142
18.8396 -62.5 -70.2329 92.6793 340.466
13.6483 -62.5 -82.5056 82.2965 365.011
-19.3147 -62.5 -63.3906 16.3707 326.781
12.0207 -62.5 -24.2779 79.0413 248.556
-0.483921 -62.5 -55.5432 54.0322 311.086
-1.72787 -62.5 -25.6203 51.5443 251.241
-14.981 -62.5 -30.9164 25.0379 261.833
-3.98171 -62.5 -52.3497 47.0366 304.699
3.57259 -62.5 -10.2795 62.1452 220.559
-7.40065 -62.5 -51.8882 40.1987 303.776
8.15802 -62.5 -67.4992 71.316 334.998
4.66789 -62.5 -78.2639 64.3358 356.528
6.02316 -62.5 -73.4936 67.0463 346.987
-15.1516 -62.5 -60.823 24.6967 321.646
2.94533 -62.5 -38.5881 60.8907 277.176
-7.30836 -62.5 88.6969 40.3833 22.6062
13.1228 -62.5 -48.4085 81.2456 296.817
15.6514 -62.5 29.7117 86.3028 140.577
-2.6282 -62.5 27.0396 49.7436 145.921
7.86149 -62.5 -57.0523 70.723 314.105
14.6081 -62.5 21.6153 84.2161 156.769
0.391897 -62.5 -65.7522 55.7838 331.504
0.412588 -62.5 -64.5052 55.8252 329.01
2.04149 -62.5 -69.5164 59.083 339.033
-7.19063 -62.5 -75.9351 40.6187 351.87
-20.7811 -62.5 7.3401 13.4377 185.32
-20.3942 -62.5 10.4527 14.2116 179.095
-20.5522 -62.5 20.5731 13.8957 158.854
18.5423 -62.5 33.565 92.0846 132.87
-11.4881 -62.5 -6.84456 32.0239 213.689
6.25342 -62.5 -12.9792 67.5068 225.958
5.13404 -62.5 -7.55701 65.2681 215.114
-9.73761 -62.5 -44.5222 35.5248 289.044
12.9494 -62.5 33.4106 80.8988 133.179
-8.05751 -62.5 -61.1461 38.885 322.292
2.98622 -62.5 -45.7757 60.9724 291.551
-15.4949 -62.5 -59.6408 24.0101 319.282
8.4523 -62.5 -42.0033 71.9046 284.007
-21.3253 -62.5 32.8521 12.3493 134.296
20.9799 -62.5 28.3227 96.9598 143.355
-7.45857 -62.5 -6.3386 40.0829 212.677
-8.89147 -62.5 -26.0094 37.2171 252.019
12.3258 -62.5 -29.943 79.6515 259.886
-1.3772 -62.5 -28.9708 52.2456 257.942
-7.74752 -62.5 -27.2849 39.505 254.57
-9.91321 -62.5 -61.2393 35.1736 322.479
1.87846 -62.5 -34.4449 58.7569 268.89
4.8561 -62.5 -73.4015 64.7122 346.803
10.302 -62.5 -32.8059 75.6039 265.612
-6.43444 -62.5 5.67367 42.1311 188.653
-6.44579 -62.5 -81.0853 42.1084 362.171
5.90478 -62.5 -31.8082 66.8096 263.616
-11.7562 -62.5 -53.4686 31.4876 306.937
19.1103 -62.5 25.0517 93.2206 149.897
-15.4824 -62.5 3.3147 24.0353 193.371
7.35247 -62.5 -13.026 69.7049 226.052
1.69514 -62.5 -81.9059 58.3903 363.812
-10.6598 -62.5 3.05325 33.6803 193.894
-10.1939 -62.5 -59.9269 34.6122 319.854
11.9333 -62.5 -30.919 78.8666 261.838
-21.3927 -62.5 -52.9366 12.2146 305.873
7.69076 -62.5 -36.1668 70.3815 272.334
11.1924 -62.5 -26.3867 77.3847 252.773
-8.58072 -62.5 -11.4144 37.8386 222.829
14.5306 -62.5 -41.9404 84.0612 283.881
-2.17911 -62.5 29.5175 50.6418 140.965
-11.5425 -62.5 16.3082 31.915 167.384
-21.9847 -62.5 -63.3748 11.0307 326.75
3.9869 -62.5 12.3804 62.9738 175.239
-12.2216 -62.5 84.3085 30.5569 31.3831
10.1127 -62.5 -25.4463 75.2253 250.893
2.13305 -62.5 25.9629 59.2661 148.074
-8.40522 -62.5 -32.3395 38.1896 264.679
-0.11928 -62.5 -9.85246 54.7614 219.705
-8.36848 -62.5 -10.7209 38.263 221.442
6.23868 -62.5 25.2553 67.4774 149.489
-12.4071 -62.5 90.5822 30.1858 18.8356
-6.46982 -62.5 21.6161 42.0604 156.768
-13.9783 -62.5 -38.6682 27.0434 277.336
20.1442 -62.5 12.9796 95.2884 174.041
11.7209 -62.5 -60.451 78.4419 320.902
-15.7706 -62.5 -50.5939 23.4587 301.188
-14.0459 -62.5 -38.8978 26.9081 277.796
14.9709 -62.5 25.9949 84.9419 148.01
-15.8469 -62.5 -41.4173 23.3063 282.835
1.33104 -62.5 24.2004 57.6621 151.599
18.6017 -62.5 -17.0106 92.2034 234.021
11.9673 -62.5 3.48867 78.9345 193.023
2.54802 -62.5 29.5465 60.096 140.907
2.09489 -62.5 -27.6087 59.1898 255.217
-11.6219 -62.5 32.8874 31.7561 134.225
8.41329 -62.5 -50.2196 71.8266 300.439
-7.09421 -62.5 -12.9655 40.8116 225.931
